   3.8137622e+02   4.9487309e+02
   3.7430270e+02   3.9798085e+02
   5.7996339e+01   1.9308500e+02
   2.1202334e+02   2.9778832e+01
   1.7846952e+02  -2.5373510e+02
   1.5769247e+02   1.2975253e+02
   1.7797481e+02  -2.6611275e+00
  -1.3056469e+01  -2.3532274e+02
   1.9705184e-01   4.3095439e+02
  -2.7966959e+02   2.9770264e+02
   3.1270551e+01   8.7885984e+01
   4.4319283e+01   6.3178841e+01
   2.7318992e+02  -2.5111656e+02
   5.1190134e+01   1.3660708e+02
  -4.0183407e+02   4.0952315e+02
   5.1572638e+01  -2.1732027e+02
  -1.8072352e+02   3.4108653e+02
  -4.3933064e+02   3.7883884e+02
   3.8308320e+02   2.0562832e+02
   1.8480765e+02  -4.2542261e+02
   2.1854231e+02   4.7385526e+02
   1.1124438e+02   3.5428442e+02
   4.2986385e+02   2.1155228e+01
   3.6584394e+02  -3.0806567e+02
  -1.7255713e+02  -3.1987566e+02
   2.8046673e+02   3.2362249e+02
  -4.2264113e+02  -2.4598239e+02
  -5.7654756e+01  -1.9303063e+01
   2.3199808e+02  -2.6646274e+02
   4.4223603e+02  -2.5772510e+01
   7.8846593e+01  -4.0543183e+02
  -3.7607471e+01  -2.9084545e+02
   3.7856259e+02   2.9765396e+02
  -4.2779437e+01   3.8902664e+02
  -1.1132676e+02   5.0427946e+02
   2.7254084e+02   2.6981065e+02
  -3.6208074e+02  -1.7617486e+02
  -1.5275006e+02   1.0766333e+02
  -6.3411703e+01   4.4229764e+01
   1.5997488e+01   5.0008266e+01
  -1.6391574e+02  -1.3762479e+02
  -4.5894794e+02  -4.8016233e+02
   3.0433563e+02  -3.7691464e+02
  -4.1346175e+02   1.4059215e+02
  -4.3146516e+02   8.9274711e+01
   3.3365320e+02   3.3662889e+02
  -9.0643206e+01   1.0096639e+02
  -2.8302588e+02   8.3962940e+01
   2.1878199e+02   7.8841209e+01
  -4.5216988e+02   8.6212132e+01
   2.8731562e+02   2.6854978e+02
  -5.0097363e+02   2.1857937e+01
  -2.9926187e+02   2.7662970e+02
   3.1608176e+02   7.7242047e+01
  -1.8783447e+02   4.6014365e+02
  -2.6509775e+02   2.9947392e+02
  -4.9059079e+02   3.2511719e+02
   5.5537514e+01   1.4858593e+01
  -2.3587467e+02   1.2320677e+02
   1.4980339e+02  -4.3212411e+02
   1.3070053e+02   2.1041544e+02
   6.4217496e+01  -1.3931776e+02
   5.0762745e+02   1.0475891e+02
  -1.0294701e+02   2.0032568e+02
   1.0872314e+02   4.6093692e+02
   1.2771565e+02   1.7024393e+00
  -6.5277133e+01  -1.9359858e+02
   2.0367893e+02  -2.8768937e+02
   3.5756215e+02   2.1563606e+02
  -3.7949337e+02   2.4872522e+02
  -2.6220231e+02   1.0745123e+02
  -1.9771651e+02   4.3371835e+02
  -4.3017415e+02  -2.2900011e+02
  -1.8722375e+02   1.9031699e+01
  -2.9043165e+02  -2.3763798e+02
  -2.9486454e+02   4.3966862e+02
   2.4749483e+02  -3.5599396e+02
  -3.6751686e+02   5.0710696e+02
   2.9488606e+02   2.0489348e+02
  -3.6938318e+02  -1.5433056e+01
  -6.4159462e+01  -3.2446991e+01
  -2.5278105e+02   3.3281389e+02
  -7.0193519e+01  -2.2310238e+02
  -2.1216438e+02  -5.0945138e+01
   1.4299090e+02   2.6366843e+02
   8.3198180e+01  -7.8786072e+01
  -2.3975179e+02   2.8077814e+01
  -4.8847452e+02  -4.8428599e+00
  -2.8481571e+02  -1.0114886e+02
  -9.9474400e+01  -6.8331047e+01
  -3.2429670e+02  -3.8036203e+02
  -3.4533734e+02  -1.3311836e+02
  -4.8977614e+02  -3.2784323e+02
   3.3502546e+02  -1.9279521e+02
   4.9093525e+02   3.1096342e+02
   7.8248462e+01  -4.2955553e+02
   3.2961751e+02   1.8406536e+02
   4.2783887e+02  -4.6426812e+02
   1.9494784e+02   4.1861354e+02
   5.1634680e+02   2.0445076e+02
   3.9610106e+02   3.2731711e+02
   2.4494878e+02   4.9086259e+02
   4.7968126e+02  -3.7186961e+02
  -4.8204214e+02  -1.7106159e+02
  -1.3499084e+02   3.9481128e+02
  -3.1044277e+02   9.1151376e+01
   4.3640369e+02   1.5422480e+02
   4.6143897e+02  -5.4023925e+01
   3.2820710e+02  -3.6276494e+02
   5.2208339e+02   2.3467150e+02
  -4.5590966e+02   4.3220851e+02
   4.2906777e+02   3.6206750e+02
   4.2345464e+02  -3.7838741e+02
  -4.6756454e+02   2.5711624e+02
   4.7881207e+01   4.8806378e+02
  -2.2796792e+01  -1.1172575e+02
  -3.8490094e+02  -3.3823017e+02
  -1.2434364e+02  -1.5960918e+02
   3.8622617e+02  -3.3617246e+02
   3.4767186e+02  -9.6789680e+01
  -3.0190724e+01  -4.9795990e+02
   7.0161789e+01  -7.2208666e+01
   4.2090068e+02   2.5683745e+02
  -3.9025847e+01   2.8246215e+02
  -3.2132876e+02   1.0000691e+02
   3.4835965e+02  -3.7185975e+02
   4.4967690e+02  -1.3617541e+02
   1.3712929e+02  -1.7663743e+02
  -1.6649616e+02   1.6069737e+02
   4.5271262e+02  -3.4249452e+02
   2.0429551e+02  -4.0507933e+02
   3.2079837e+02   1.9587550e+02
  -2.8095966e+02  -5.2977463e+01
  -4.8118398e+02   1.8092789e+02
  -1.7538219e+02   2.7015254e+02
   1.6658242e+02  -3.0130700e+02
   8.5421944e+01  -4.9389978e+02
   3.4185676e+02  -1.4805925e+02
   4.3874350e+01  -1.5556529e+02
   1.4418460e+02  -8.3855862e+01
  -1.6886265e+02  -1.2413870e+02
   1.8129792e+01  -6.5318907e+01
  -4.0073480e+02   1.4833867e+02
   1.6157997e+02   1.1547235e+02
   2.0024654e+02   4.8866135e+02
   2.4478309e+02  -4.8565656e+02
  -2.8759903e+02  -4.5232232e+02
  -4.1590795e+02  -4.7203311e+02
   1.3192850e+02  -2.3271872e+02
   4.5819735e+02   2.3115163e+02
   3.9344515e+02  -5.5570498e+01
   1.7995009e+02  -1.1158831e+02
   3.7157894e+02   1.8761764e+01
   2.9620540e+02  -9.0634792e+01
  -1.6648097e+02  -1.5206328e+02
   2.6216870e+02   4.3507665e+02
   1.2109774e+02  -2.2301537e+02
   2.1296008e+02   3.0898532e+02
   1.4765030e+02   1.4037306e+02
  -4.0853328e+02   2.2002461e+02
   9.2921504e+00   4.6992098e+02
  -3.3469831e+02   3.2783838e+02
   4.5901322e+02  -4.1510630e+02
   6.9032184e+01  -1.7225358e+02
   2.5073194e+02  -2.1135416e+02
   1.7617461e+02  -4.5413098e+02
   2.5355046e+02   2.3979617e+02
  -8.0697433e+01  -2.5826073e+02
  -4.0900243e+02   5.5262491e+01
  -2.7264348e+02   1.4730719e+02
   3.1489689e+02  -1.8212866e+02
  -4.1822096e+02  -4.9091009e+01
   2.7058561e+02   4.2310301e+02
  -2.8040108e+02   1.8260617e+02
  -7.2327938e+01  -1.7307350e+02
  -2.8804684e+02  -1.3720055e+02
  -5.5944602e+01   3.4137407e+02
   2.7122779e+02  -2.3047243e+02
   4.8663563e+01   3.9570269e+02
  -8.6660866e+01   4.6859705e+02
   3.0416614e+02  -2.7777640e+02
   4.6989485e+02  -2.7805276e+01
   3.9636387e+02   3.7969437e+02
   3.0488102e+02   1.3239109e+02
   2.2639526e+02   2.7808673e+01
  -3.8373420e+02   4.1894359e+02
  -4.3620671e+02   6.1342620e+01
   3.5046994e+02   1.1663243e+02
  -2.8923752e+02  -3.5654506e+02
  -1.7805057e+01   2.6175852e+02
   3.6163977e+02  -1.1702706e+02
   4.4969032e+01   2.1768450e+02
  -4.2898525e+02   3.8899569e+02
   2.3224183e+00  -4.1056377e+02
   1.2054125e+01  -1.3474882e+02
  -3.2249154e+02  -3.4498256e+02
  -6.2835889e+01  -5.6174766e+00
   1.4786144e+02   2.2378729e+02
   4.9304456e+02  -2.0025543e+02
  -3.8836333e+02  -3.5890741e+02
  -1.6703791e+00   2.9238994e+02
   2.0707506e+02  -2.2175486e+02
  -5.2814095e+01  -1.3964597e+02
  -1.2690243e+01  -1.4540899e+02
   4.7392870e+02   2.7806448e+02
   7.1980304e-01   2.7086653e+02
   9.8980199e+01  -3.5646721e+02
   1.5611506e+02   3.2959274e+02
  -5.0218879e+01   2.6751004e+02
  -4.2023813e+02  -2.6060647e+02
  -2.4376834e+02   3.9023390e+02
  -2.0452859e+02  -3.8315938e+01
   6.5826292e+01   3.4495819e+02
   4.8823293e+02  -2.1442208e+02
   5.0753563e+02   3.7610145e+02
   2.4209523e+02   2.2806911e+01
  -3.6464067e+02   3.8836376e+01
   3.5300272e+02  -2.9842095e+01
   1.4791066e+02   4.7405422e+02
  -6.7856965e+01  -3.5994420e+02
  -3.6920160e+02   3.2528444e+02
  -3.9859952e+02   7.6342907e+01
  -4.6783528e+02   2.4225348e+02
   2.5012045e+01  -2.5824716e+02
   4.6817189e+02   1.5201382e+02
  -2.4790063e+02  -1.9848108e+02
   5.1073749e+01   3.4395424e+02
  -4.3767404e+02   1.1617244e+02
  -1.1694887e+02   9.8326183e+01
   2.3330640e+02   8.4439198e+01
   2.5610701e+02  -1.8397905e+02
   4.8880108e+02   2.7797023e+02
  -1.1903879e+02  -3.4987003e+02
   2.1938985e+02   5.1365491e+01
  -2.8135311e+02  -1.7129125e+02
   3.0466538e+01   5.0488647e+01
   6.0919470e+01   3.5866907e+02
  -4.3564060e+02   2.8652836e+02
   4.3161908e+02   3.4774362e+02
  -8.8822975e+01   1.2839854e+02
  -4.2241078e+02   2.1477373e+02
   4.0224917e+02  -7.5333079e+01
  -1.1556427e+00   1.2117047e+02
   2.7906606e+02   3.8804392e+02
   2.9886870e+02   2.8775134e+02
   1.4136162e+02   1.8926738e+02
   4.8165047e+02  -1.2486429e+00
   1.6939612e+02   2.5291516e+02
   2.3847488e+02   1.6554427e+02
   4.2362690e+01   1.6149622e+02
  -2.3271133e+01   1.6973391e+02
   2.6086865e+02   4.1252124e+02
  -1.4710687e+02   2.2001463e+02
   4.8812354e+01  -2.7252501e+02
   2.3589386e+01   3.4011471e+02
  -4.1185900e+02   2.3405834e+02
  -4.5131846e+02   3.6120111e+02
   2.0894323e+01  -1.7541937e+02
   4.3879582e+02  -1.2646623e+02
  -3.6447692e+02   5.2178204e+02
   4.2167670e+02  -3.1668615e+02
   2.4200129e+02  -4.3302470e+02
  -9.1656370e+01  -1.4522114e+02
  -2.7600232e+02  -1.4482927e+02
  -1.7814403e+02   1.2895625e+02
   4.4053553e+02  -1.4850222e+02
  -2.4314055e+02  -1.7075586e+02
  -4.9151616e+02  -2.3308217e+02
   2.3002507e+02   4.9099446e+02
  -4.4143779e+02   1.5792553e+02
   4.6171452e+02   2.5326743e+02
  -3.6835393e+02  -1.1329931e+02
  -3.4723258e+02  -2.7858105e+02
   3.8696051e+02   1.7944807e+02
   8.2000533e+01   1.3906087e+02
   2.4370266e+02   9.4518550e+01
  -1.0093614e+01   2.2739952e+02
   1.6518994e+01   6.4789759e+01
   2.9937252e+02   2.6997432e+01
   1.4296673e+02   1.2645857e+02
  -1.9157123e+02   1.5328667e+02
  -1.3591288e+02  -1.2926733e+02
   9.7065479e+01   2.9738417e+02
  -6.6373252e+01  -4.9601857e+02
  -2.8850368e+02  -1.5196569e+02
   3.5571284e+01  -1.0236126e+02
   3.7269289e+02  -4.5031943e+02
   2.2773278e+02  -1.1445843e+02
   3.6444158e+02   2.9391876e+02
  -9.2500289e+00  -2.5693922e+02
  -3.7206452e+02   8.2683192e+01
  -2.4289516e+02  -8.7626561e+01
  -4.0176356e+02  -9.2995762e+01
   3.9757864e+02   1.6975459e+02
  -1.1791641e+02  -4.1847373e+02
   4.6745396e+02  -4.0291519e+02
  -1.1908748e+02  -4.3901914e+01
  -3.8102558e+02  -4.1707041e+02
   1.1831847e+02  -3.9406156e+02
  -2.8756869e+02   2.8506575e+02
  -3.2171507e+02  -4.3219557e+02
  -3.1095693e+02  -4.0411988e+02
   4.0533209e+02  -3.5014805e+00
  -4.0405694e+02  -3.0534698e+01
  -1.3212858e+02  -1.7998182e+02
   2.3037862e+02   6.1552284e+01
   1.9219241e+02  -1.7763281e+00
   4.2357280e+02  -1.7541212e+02
   1.0815189e+02   1.1050187e+02
   2.2446425e+02  -4.5503340e+02
   9.0140056e+01  -1.2990867e+02
  -1.4464843e+02   1.5779745e+02
  -4.9788307e+02   4.0979660e+02
  -4.9836062e+02   3.7313909e+02
   2.6393731e+02   5.0267910e+02
  -1.7243376e+02  -3.7649909e+02
  -2.8908051e+02   9.7280560e+01
   2.6639927e+02  -1.2013949e+02
  -4.6765345e+01  -1.8499788e+02
  -1.6608701e+02  -2.8289387e+02
   1.3389410e+01  -3.8080921e+01
   1.6147757e+02   3.4331640e+02
  -2.4603655e+02  -1.2060602e+02
   2.4880763e+02   5.0533253e+02
   2.0465817e+02   3.8480586e+02
   4.4726736e+01  -1.8847868e+02
   4.9715951e+01  -3.5775686e+01
   1.8148201e+02  -3.5846658e+02
   4.3786720e+02   1.8128252e+02
  -3.0253185e+02  -3.3907087e+02
  -2.5297164e+02   3.7896808e+02
  -8.7558465e+01   4.0549573e+02
   6.3653098e+01   4.0947327e+02
   4.8830991e+02   2.0166354e+02
  -2.9215208e+02   2.6367470e+02
  -1.9147983e+02   5.0586453e+02
  -3.6863897e+02  -2.9898430e+02
   4.1437920e+02  -4.9764720e+01
  -2.4761456e+02  -3.9976624e+02
   3.2480172e+02  -4.4837216e+02
   1.3002817e+02   4.3740135e+02
   4.2343830e+02   2.4264750e+02
   3.0226849e+02   3.2421785e+02
  -2.4880073e+02   4.3753779e+02
   7.7205216e+01  -1.4588442e+02
  -2.9619527e+02   7.7724253e+01
   4.8128979e+02  -1.1739599e+02
  -4.3280308e+02  -1.2657973e+02
  -4.1284626e+02   4.1809032e+02
  -4.6638356e+02  -4.5893966e+02
   7.0390664e+01   1.6186069e+02
   3.4496080e+02   5.6593266e+01
   4.4271617e+02  -3.8943598e+02
   4.3184341e+01   1.8353892e+02
   4.0585668e+02   4.5153622e+02
   3.3552939e+02   1.0244295e+02
   3.8733421e+02  -1.6775452e+02
   1.7214811e+02   1.5311992e+02
   4.0442623e+02   2.2218225e+02
  -2.3239529e+02  -1.3926015e+01
  -4.7198069e+02   4.7808064e+02
  -2.1730484e+02   1.3169540e+02
   4.5580503e+02   1.9103044e+02
   4.1552865e+01  -5.1305810e+02
  -4.2631242e+02  -1.9354814e+02
  -1.5485917e+02   1.6814879e+02
  -3.2920767e+02   4.1736694e+02
  -3.9261771e+01  -3.3064384e+02
  -3.1392452e+02   3.6646705e+02
   2.6752333e+02  -1.9351758e+02
  -3.9660050e+02  -3.8988005e+02
  -1.0350818e+02   3.4243295e+02
  -3.6776199e+02  -4.4253240e+02
  -1.9155758e+02   2.4109633e+02
  -3.5735524e+02  -1.9538371e+02
   1.0028752e+02  -9.7778135e+01
   8.4706979e+01   5.1699776e+01
   1.2095792e+02   4.4872368e+02
  -4.2862704e+01  -2.7084825e+02
  -4.4084848e+02   3.7548417e+01
  -1.1910696e+02   4.3517824e+02
  -3.8870102e+02   5.7992874e+01
   5.3825471e+01  -3.0869302e+02
  -8.7755541e+01  -4.8976308e+02
   5.0132888e+02  -4.1806093e+02
  -4.6594862e+02  -2.0445096e+02
   1.4984466e+02   4.9558790e+01
   4.1201402e+02  -3.6105046e+02
   4.4698385e+02  -1.9891378e+02
  -2.9663540e+01   1.5673131e+02
  -2.1554205e+02   1.7542580e+02
  -3.5821703e+02   3.7114894e+02
   1.7169317e+02  -4.3157687e+02
   1.6522076e+02   4.2851802e+02
  -1.0681276e+02   3.2399380e+02
  -1.0603051e+02  -5.0204763e+02
  -4.9745499e+01   7.5243890e-01
   8.3051514e+01  -2.8939075e+02
   2.4751905e+02   1.9249581e+02
   1.9254359e+02  -2.2904261e+02
   1.0525812e+02  -3.3899699e+00
  -2.4203256e+02   2.0496306e+02
   1.7981541e+02   3.0498423e+02
  -4.2724156e+02  -4.5516998e+02
  -2.3377754e+01  -9.7576318e+01
   2.8403663e+02   2.9463103e+02
   2.6526311e+01  -3.0510377e+02
  -9.4922578e+01  -4.6632836e+02
   8.2588442e+01  -6.4082092e+01
  -2.0385003e+02  -2.6396373e+02
  -3.6251302e+02   4.8449101e+02
   4.1614852e+02   9.1365356e+01
  -4.3661775e+02  -5.0704807e+02
   3.6323711e+02  -3.5899812e+02
   1.8278758e+02  -8.4439154e+01
  -1.3178513e+02  -6.4851585e+01
   4.7794298e+02  -1.3818821e+02
   1.4322935e+02   3.9219068e+02
  -2.0533758e+02   1.4814506e+02
  -2.5787642e+02  -5.2485930e+02
  -1.1012882e+02   4.8908741e+02
   3.5801141e+02  -4.5317461e+02
   3.0714204e+01   3.2463742e+02
  -2.6618275e+02   1.8722899e+02
  -3.9823292e+02  -2.2437727e+02
   7.3394762e+01   1.1484661e+02
   3.3779744e+02   3.7054030e+02
   4.7864179e+02  -3.4490876e+02
   3.6168090e+02   1.4121967e+02
   3.6701372e+02   1.8096108e+02
   3.2183100e+02   1.7649437e+01
   5.7620963e+01   2.4444397e+02
   3.0124818e+02   3.5792237e+02
  -4.8588673e+02  -2.9467624e+01
  -4.8244470e+02  -4.6053604e+02
   1.2592179e+02  -2.5976896e+02
  -3.4427976e+02   1.6847065e+02
   4.3862742e+02  -2.3555954e+02
  -3.5392125e+02   1.0724705e+02
   3.8916986e+02   3.5419580e+02
   2.3971442e+00  -2.8635756e+01
  -3.4842359e+02   1.4881231e+02
  -2.2324676e+02  -4.3726455e+02
  -2.3153063e+02   3.8276582e+02
  -4.2881038e+02   1.6599010e+02
  -4.5124226e+02  -2.8710430e+02
   1.3320733e+02   9.7318280e+01
   3.0474651e+02   1.6046256e+02
  -2.8842126e+02   2.6612301e+01
   3.0963883e+02  -2.9770148e+02
  -4.3805137e+02  -4.3579648e+02
  -2.3811993e+02   2.5925971e+02
   1.8449022e+02  -1.7293739e+02
   4.7740341e+01  -2.3271580e+02
   6.2138191e+01  -2.9664790e+02
   4.0958454e+02   2.3795278e+02
  -3.0388501e+02  -3.0728220e+02
  -1.7306998e+02  -2.2378728e+02
  -4.2262518e+01  -3.6542125e+02
  -1.0455353e+02  -2.9812208e+02
  -4.7540326e+02  -3.4462298e+02
   8.0351488e+01  -1.1875578e+02
  -3.5743225e+02  -3.4366801e+02
  -4.9345544e+02  -3.0106705e+02
   4.9409158e+02  -3.9695741e+02
  -2.3268967e+02   7.4728611e+00
  -8.6209471e+01  -4.5455228e+02
  -3.4752357e+02  -2.5778090e+02
   4.9797451e+02  -3.8245121e+02
   1.9919479e+02  -1.1563743e+02
   6.9915574e+01  -4.6516572e+02
  -3.0847180e+02  -5.0307220e+02
  -2.6527598e+02   4.9812888e+02
   4.0302272e+02  -2.7101800e+02
   1.4963570e+02  -4.8506880e+02
  -3.9638429e+00   1.9606430e+02
  -9.3735906e+00   4.4190717e+02
  -3.6268475e+02   4.0157010e+02
   2.6999206e+02   2.1838807e+02
  -1.3753267e+02  -3.4373197e+01
   3.1698921e+02  -5.4519386e+01
  -3.3693787e+02   2.2853903e+02
  -3.0160124e+02   1.8257150e+02
  -1.3275028e+02  -3.2366326e+02
  -4.5747482e+02  -2.2359892e+02
   2.7152912e+02   2.5608255e+01
  -1.3223267e+02   1.3557241e+02
   3.5513735e+02   3.2303340e+02
   4.2284919e+02  -3.7682979e+01
   2.3457984e+02   4.4031476e+02
  -2.6273164e+02  -1.9963998e+02
   3.2334069e+02  -3.3544578e+02
  -2.2202773e+02   1.6192096e+02
   6.5778123e+01  -4.1163168e+02
  -1.9970110e+02   3.6869907e+01
  -5.4868658e+01  -1.1166144e+02
  -1.3337959e+02  -1.4883990e+02
   4.1227762e+02  -1.1267572e+02
  -3.6190809e+02  -2.2250269e+02
  -3.7387692e+02   4.4069276e+02
  -2.5195173e+02  -1.8790136e+01
  -4.5200981e+02  -2.7249222e+02
   3.6249295e+02   4.1685429e+02
   3.3043142e+02  -5.0449225e+02
  -5.1026027e+02  -7.1319014e+00
   2.5667820e+02  -4.3007897e+02
  -2.7723814e+02  -2.4746188e+02
   5.1563672e+01  -3.5337973e+02
   4.9863313e+02  -5.0231783e+01
   4.5655968e+02   3.6052470e+02
   1.0401157e+02   3.2350656e+02
  -4.0680107e+02   1.8308702e+02
  -8.9543922e+01  -1.0008178e+02
   1.8912981e+02  -2.4334405e+02
   1.5552931e+02   2.5661223e+02
  -1.1738139e+02  -2.3219167e+01
  -4.4219831e+02  -2.3749647e+02
   1.0657665e+02   5.2982293e+01
   2.8843416e+02   4.7134197e+02
  -5.0052577e+02  -2.6640801e+02
  -1.2803453e+02   3.2861488e+02
   3.6075618e+02   1.2639493e+02
   9.5743248e+01   3.5665570e+02
   5.6282129e+01  -4.9614527e+02
   3.2189698e+02  -1.6923074e+02
  -1.4451755e+02  -2.2412769e+01
  -3.8717681e+02   1.4298918e+02
   3.1103660e+02  -9.0690178e+01
   9.1101646e+01  -3.9764197e+02
  -9.0863313e+01   2.2530185e+02
   4.1283564e+02   3.9245005e+02
   1.0890947e+02  -3.5738426e+01
  -8.0303234e+01   4.4784433e+02
  -2.5002571e+02  -4.5497807e+00
   4.0935235e+02   4.8649226e+02
  -5.1307128e+02   8.7181290e+00
  -1.7895374e+01  -3.1175773e+02
   1.8118952e+02  -3.0129735e+02
  -1.0919886e+01  -2.0850920e+02
  -2.4559003e+02   7.8292480e+01
  -8.8360983e+01  -2.8101201e+02
   3.7997621e+02  -4.7062491e+02
   3.6257617e+02  -2.4099512e+02
  -3.1058657e+02   1.3718415e+02
   1.5873103e+02  -2.7573489e+02
  -4.7020252e+02  -5.9567455e+01
   3.0981946e+02  -1.3673805e+02
  -3.4768204e+02  -4.6271815e+02
   1.7286545e+02  -3.6910282e+01
  -1.8417848e+02  -8.7154404e+01
   3.3439832e+02  -3.7596688e+02
  -1.0976549e+02  -1.0055079e+02
   9.3436877e+01  -2.0685750e+01
   3.1186683e+02  -2.1707687e+02
  -2.8993556e+02  -8.7318570e+01
  -4.0397237e+02   1.2145617e+02
   1.9761657e+02  -4.3279199e+02
   3.8829708e+02  -4.5438254e+02
  -4.8211327e+02  -2.5610123e+02
  -5.1214391e+02  -3.0335382e+02
  -1.9646511e+02  -1.0418547e+02
  -3.6327683e+01   9.1475612e+01
  -4.5332219e+02  -4.6630753e+02
  -4.1189537e+02   4.4775120e+02
  -3.3750226e+01  -4.8341156e+02
   3.4588678e+02   2.7053808e+02
   2.1317388e+02   2.9471145e+02
   4.5995393e+02   1.0169524e+02
  -6.2489231e+01   1.5830852e+02
   1.4679721e+01   2.6737184e+02
   2.4556335e+02   3.4176810e+02
  -8.7337648e+00   4.0024936e+02
  -1.5911885e+01  -4.6022635e+02
   2.0323903e+02   2.5116102e+02
   2.5962830e+02  -4.8748614e+02
   1.3957325e+02  -7.0304686e+00
   2.4738029e+02   1.4111401e+02
  -1.1239483e+02  -1.5170243e+02
  -4.5071640e+02   3.8830553e+02
   4.1520633e+02   1.0627434e+02
  -3.7936337e+02  -4.5158102e+02
  -8.6621510e+01   3.7097961e+02
  -2.9343588e+02  -6.8837799e+01
   7.6825491e+01   2.9343106e+02
   1.4465936e+02   1.7512619e+02
   1.3032568e+02  -4.3941319e+02
   2.4265155e+02  -4.7083258e+02
  -3.9785927e+02  -1.0725528e+02
  -2.7577026e+02   2.4265095e+02
  -4.8766349e+02   3.6162094e+02
   8.0469016e+01   3.5240608e+02
  -9.3355468e+01  -3.1687893e+02
   3.7058628e+02  -3.9014062e+02
  -3.3652824e+02  -7.8516094e+01
   9.3449879e+01  -2.2347764e+02
   3.3395673e+02  -4.1727808e+01
   2.1431492e+02   4.9363476e+02
   3.3857507e+02   4.2872015e+02
   2.3112043e+01   1.8991373e+02
   3.6899194e+02  -1.7760197e+02
  -3.3458928e+02  -4.5046085e+02
   2.8696660e+02   2.4785484e+02
  -1.3412589e+02   2.4535651e+02
   4.4686269e+02  -4.3369793e+02
  -2.8975600e+02   1.2410543e+02
  -4.4515689e+02   1.7956063e+02
   3.0781314e+02   1.4645145e+02
  -2.4806974e+02  -2.7546205e+02
  -1.8830680e+02   1.7047394e+02
   1.4939508e+02  -4.4707162e+02
   3.1175495e+02  -4.0373509e+02
   2.3953632e+02  -3.1821562e+02
  -3.7625386e+02  -1.5751180e+02
  -1.4556649e+02  -1.5587946e+02
   3.9389175e+02   8.9983977e+01
   2.5445531e+02   4.4372897e+01
   2.6336296e+02   8.4786024e+01
   3.5909239e+02   2.4996257e+02
   2.2698878e+02  -3.5437292e+02
   7.1214655e+01  -2.4797232e+02
   3.1965605e+02  -3.7520524e+02
   2.0288998e+02  -7.0222723e+01
   4.4478361e+02  -4.0023065e+01
  -1.5248039e+02   3.6435904e+02
   2.9613971e+02  -3.9016996e+02
  -2.0657220e+02   6.8615240e+01
   2.6425403e+02   3.7484832e+00
  -4.2527683e+02   3.7497367e+02
  -2.6460866e+02   3.8558315e+01
  -5.7903393e+01   2.2799786e+02
  -3.1813708e+01  -2.0567304e+02
  -1.4692280e+02   2.7711127e+02
  -1.5730133e+01  -4.1886274e+02
   2.2163458e+02  -3.7926861e+02
  -2.3100070e+02   7.8727934e+01
   1.6963750e+02  -1.7314473e+02
   2.7044954e+02  -1.6681208e+02
  -1.1457407e+02  -3.3589401e+02
  -1.4629124e+02  -2.1436138e+02
   6.7631437e+00   1.6175895e+01
   3.9162719e+02   4.3494011e+02
  -3.0652863e+02  -4.5356318e+02
   4.7834622e+02  -3.9968338e+01
  -1.7959878e+02  -7.2495257e+01
  -2.6550189e+02  -3.6954346e+02
   4.1413487e+02   6.9463698e+01
  -1.4221251e+02   1.2492251e+02
   3.9839760e+02  -9.7338957e+01
   3.3922058e+02   4.5098838e+02
  -2.5817557e+02  -3.8205949e+02
   2.2196573e+02  -1.5533278e+02
   1.3884543e+02  -1.4989984e+02
   6.6105327e+01   2.1842812e+02
   7.9669612e+01   2.6212996e+02
   2.2957052e+02  -1.7335988e+02
  -3.5348656e+02  -4.4359420e+02
  -1.9536840e+02   5.1114038e+01
  -1.8495171e+02   9.6963814e+01
  -4.0401603e+02  -2.7384359e+02
   2.1768516e+02  -3.9966375e+02
  -2.3499748e+02   4.5117409e+02
  -4.4363671e+02  -1.5082015e+02
  -1.1532280e+02   5.6139650e+01
  -4.0140980e+02   2.2637002e+01
   3.0512163e+02  -4.1698347e+02
   1.9761907e+02  -5.0436231e+01
   2.9971950e+02   3.4358994e+02
   3.8752251e+02   4.0665925e+02
   1.2419895e+02   1.7772936e+02
   4.9341244e+02   3.6670916e+01
   1.3688204e+02   2.9407976e+02
   2.6199543e+02   4.7935954e+02
   3.8365629e+01   1.0043715e+02
   1.0362362e+02  -1.9771283e+02
  -2.2581930e+02   2.8665114e+02
   3.2938977e+02  -2.5396747e+02
   2.3369979e+02  -3.8810655e+02
  -4.3189685e+02  -5.6636306e+01
  -1.2267133e+02  -3.7043097e+02
  -2.2276219e+02  -1.6711692e+02
   4.5958443e+00  -4.9967982e+02
   2.1008321e+02   1.6615688e+02
  -3.7851148e+02   6.8435718e+01
   3.9773833e+02  -2.2982326e+02
  -6.0000257e+01   4.0227661e+02
  -4.1556849e+02   2.5903998e+02
   3.5353461e+02   3.8427164e+02
  -8.0235828e+01  -3.4181634e+02
   2.5781520e+02  -2.3130971e+01
  -3.4201787e+02  -3.9342368e+02
  -1.8194593e+02  -1.6709698e+02
  -2.2252022e+02   3.4847757e+02
   2.9594246e+02  -3.2714332e+02
   2.4549213e+02   1.2157073e+02
  -3.5665959e+01   3.0979137e+02
  -2.9670100e+02   2.0907521e+02
   1.7402385e+02   9.8830035e+01
  -4.5495493e+02   2.4959532e+02
  -3.3853948e+01   4.3644013e+02
  -6.5518333e+01   4.8813282e+02
  -4.6253297e+02   2.8819769e+02
   2.0726930e+02  -3.9435426e+01
   2.9783981e+02   3.9561617e+02
  -4.1056915e+02   9.5077357e+01
  -5.1560120e+01  -2.9283965e+02
   3.2309034e+02   3.7026601e+02
  -3.1381081e+02   3.4155114e+02
  -4.3702754e+02   2.1761078e+02
  -3.0488142e+02   1.9671677e+02
  -1.9853342e+02  -1.5508915e+02
  -3.2529345e+02  -3.0439411e+02
  -5.0527877e+02  -3.2680760e+02
  -4.2131051e+02  -8.2421866e+01
   1.5947553e+02   2.0679100e+02
  -1.2876385e+02  -2.2435885e+02
  -4.1772177e+02  -2.2227069e+01
   8.1086125e+01  -2.1586582e+02
   5.2342859e+01  -4.8177306e+02
  -3.0049121e+02   4.8464094e+02
  -5.0479426e+02   3.2046209e+02
   4.6033221e+02  -7.4836424e+01
   2.5704602e+02  -2.9642436e+02
  -3.1339318e+02  -6.9587055e+01
  -3.7112473e+02   1.9073363e+02
  -2.7030894e+02   2.0121619e+02
   2.4963569e+02  -1.1162119e+02
   1.7071598e+02   4.5867857e+02
   3.2555860e+02  -4.0877846e+02
   1.6173785e+02   1.8647722e+02
  -2.4218609e+01   7.3724900e+01
   2.5396534e+02   1.4051842e+01
   1.6409807e+02  -2.5052580e+02
   4.6643647e+02   1.1506750e+02
  -3.9230835e+02  -1.2692748e+02
   4.3027566e+02  -2.4744311e+02
  -1.3016224e+02  -9.8813796e+01
  -4.1944934e+02  -1.6568522e+02
   4.0464142e+02  -3.4851926e+02
  -1.2042715e+02   3.9255561e+02
   3.8982401e+02   2.2560744e+02
   3.4816788e+02   3.3569293e+02
  -4.0451837e+02  -3.1911480e+02
  -3.1359080e+02  -1.2780015e+02
  -4.0852244e+02  -4.8500167e+02
  -4.8469660e+02  -1.5645945e+02
  -1.0870820e+02  -3.7567387e+02
   3.0054136e+01   3.8690132e+02
   1.3436505e+02   3.8039368e+02
   3.7680268e+02  -3.0866963e+01
  -2.8830735e+01  -3.8166607e+01
   8.8978473e+01   3.7762536e+02
   3.4924086e+02  -2.1775430e+02
  -2.0123386e+02   2.3010662e+01
   3.1036376e+02  -2.6465472e+02
   1.7765795e+02   1.6649523e+02
  -1.2670350e+02  -2.9651691e+02
  -1.8403387e+02  -2.4161010e+02
   3.2439049e+02   1.3522731e+02
  -5.1079496e+02   2.1439303e+02
  -1.9952667e+02  -4.5170726e+02
   3.7611909e+02  -8.4411049e+01
  -5.0527628e+02  -2.1245454e+01
  -1.8765859e+02  -3.9246675e+02
   4.5811446e+02  -2.3125191e+02
  -4.6132371e+02  -1.8968275e+02
  -6.1357536e+01   1.2415747e+02
   2.1948748e+02  -3.2759235e+02
  -2.5993656e+02   1.4134429e+02
  -8.4554660e+01  -1.1936615e+02
   1.3887715e+02   1.5434420e+02
  -4.7224697e+02  -2.9548160e+02
  -1.3269733e+02  -4.1671483e+02
  -3.0256608e+02  -4.3885474e+02
   3.9007426e+02   4.4963222e+02
   3.5142381e+02  -3.0728130e+02
   5.9872094e+01   3.2405644e+02
  -2.6360592e+01  -3.0015884e+02
  -4.5183300e+02   4.5398817e+02
  -3.5094378e+02   2.5650664e+02
   1.3660241e+02   6.6267750e+01
  -9.1304978e+01   4.9776496e+02
   4.2740646e+02   3.9571481e+02
  -4.6457142e+02  -1.0623886e+02
   3.6846112e+01   1.3895507e+02
   1.7924995e+02   1.3379057e+02
  -1.2924733e+02  -4.6115556e+02
  -3.6919929e+02   3.3957347e+02
   1.3229961e+02  -5.2797924e+01
   1.8106802e+02  -1.2650992e+02
   1.3465040e+02   2.5227451e+02
  -2.5607038e+02  -8.2697935e+01
  -2.4790544e+02   2.8731867e+02
   4.0551729e+02   8.1029767e+01
   1.2009705e+02   4.7085301e+02
  -3.5366719e+02  -9.9717166e+01
   1.4265477e+02  -2.1380159e+02
   3.5993270e+02   4.2304078e+01
   2.8270899e+02  -4.6902511e+02
  -4.0285156e+02  -2.3851403e+02
  -3.5556990e+02   4.2852436e+02
  -2.3945363e+02   1.4980696e+02
  -2.6331028e+02   4.1243243e+02
   3.4066278e+02   3.2381286e+02
   3.0010352e+02  -3.5551832e+02
  -2.2782987e+01   4.9170144e+02
  -1.4929622e+01  -1.7619490e+02
  -1.6413704e+02  -2.3515232e+02
  -2.7160920e+02  -7.0174886e+01
   4.6008395e+02  -3.9174286e+01
  -1.0232376e+02   4.0432245e+02
  -4.2389936e+02  -1.7936943e+02
  -2.9935014e+02   3.4426273e+02
   2.9018993e+02  -5.2033787e+01
   1.4303156e+02   3.5598423e+02
  -1.5905540e+00  -4.7559469e+02
  -2.1431019e+02  -2.7744996e+02
   3.2452057e+02   2.4698339e+02
   1.0291461e+02   2.1275511e+02
   3.2319239e+02  -3.2100213e+02
  -7.3186929e+01   4.0857272e+02
  -1.5738653e+02   2.5780484e+02
  -3.0003767e+02   3.1754110e+02
  -2.7034481e+02  -1.1664427e+02
   1.5050987e+02   8.3502655e+01
  -4.3106198e+02  -1.6167411e+01
   2.9520161e+02   1.0706788e+02
   1.4355884e+01   3.5138698e+02
  -2.9592725e+02  -3.9959206e+01
   2.3892596e+02   1.0856769e+02
  -2.2271574e+02   4.1890363e+02
   1.3350905e+01  -2.8145065e+02
  -2.6199490e+00  -1.4964120e+01
   2.2040125e+02   3.2780383e+02
   2.4120468e+02   5.1088474e+01
   2.0250185e+01   4.8005043e+02
   2.1059497e+01   2.5423093e+02
   3.9988765e+02   2.5763030e+02
   4.7083522e+02   1.7295986e+02
   4.4763358e+02   3.3362582e+02
   3.3344747e+02   8.4873166e+00
  -2.8643462e+02   4.7979512e+02
  -1.2084521e+01  -3.3511303e+02
  -2.1666615e+02  -4.1941816e+02
  -1.0378160e+01   3.0466377e+02
   1.6749639e+02   5.0043865e+02
   3.8153634e+02   3.7455399e+02
   2.1719946e+02   2.5091935e+02
   4.4614227e+02  -2.4836557e+02
