   4.4181097e+02  -3.0314565e+02
   9.9584452e-02  -4.4830881e+02
   4.5044853e+02   1.9370851e+02
   8.9062580e+01  -3.2726618e+02
  -2.6434106e+01  -7.2248976e+01
  -4.3117381e+02  -4.6585047e+02
   3.1007668e+02  -7.3194274e+00
   4.3284802e+02  -1.1382395e+02
  -3.4457217e+02  -1.4754786e+02
  -3.3679749e+02   3.3074634e+02
   1.5621789e+02  -2.3874413e+02
  -4.4404380e+02  -3.4544134e+02
  -3.9487312e+02   2.3734385e+02
   7.7440926e+01   3.2936310e+02
  -4.8616160e+02   1.9220040e+02
   1.6538094e+02   3.6824521e+02
  -1.3150918e+02  -2.5472129e+02
   3.3639145e+02  -4.0807311e+02
  -3.8872861e+02  -2.5299357e+02
  -9.5452262e+01   4.8873297e+02
   3.3186145e+02   8.6711293e+01
   3.6955585e+02   2.4389598e+02
   4.0986358e+02   2.3234263e+02
  -6.1417917e+01  -1.6726975e+02
  -3.0081664e+02   2.7755918e+02
  -2.8087282e+02  -2.5936671e+02
   3.8410737e+02   7.5571316e+01
  -8.0242175e-01   2.4044161e+02
   3.3924895e+02  -4.0419591e+01
  -1.6191087e+02  -7.9138343e+01
   1.5056878e+02  -7.7813523e+01
   2.2167968e+02  -2.7689831e+00
  -4.4232320e+02  -2.4054158e+02
   3.1402547e+02  -4.7163213e+02
   1.1392392e+02   3.4634258e+02
  -1.7157046e+02   2.8980213e+01
   9.4600661e+01  -4.3116535e+02
  -3.8313543e+01   3.0961222e+02
   1.7310056e+02  -1.1904693e+02
   3.7148734e+02  -1.7598093e+02
  -2.0976395e+02  -2.1769455e+02
   4.3000756e+02   8.1494609e+01
  -2.9786970e+02  -2.1763481e+02
  -2.4873658e+01  -3.2706915e+02
   1.5763108e+01   1.8252246e+02
  -1.0369960e+02   4.0353475e+02
   3.1387627e+02   3.0123571e+02
  -2.5393581e+01  -3.7928495e+02
   1.8513997e+02  -3.4946995e+02
  -2.5059734e+02  -3.0048308e+02
   1.0145536e+02  -7.0616660e+01
  -1.6234560e+02  -1.8522499e+02
  -9.3984228e+01  -4.7179502e+02
  -3.2103014e+02   4.6626643e+02
   1.2982471e+02  -2.7528922e+02
   5.6082685e+01   3.7541042e+02
   3.9706469e+02   2.0517290e+02
   2.6059036e+02  -3.9286177e+02
  -1.3633834e+02  -1.7528745e+02
   1.9920475e+02  -4.6033592e+02
  -3.3076936e+02   1.5692437e+02
   2.3515150e+02   3.2290240e+02
  -1.5180050e+02  -3.4563109e+02
  -1.8458806e+02   9.3451793e+01
   3.3973071e+02  -4.4954572e+02
   1.6931897e+02  -2.0769026e+02
  -3.9426585e+02  -3.9909303e+02
  -4.2248380e+02   1.7142472e+02
   1.1558318e+02   3.2545241e+02
   1.2834870e+02   3.0166806e+02
   6.8614738e+01  -4.1381373e+02
   3.9719848e+02  -3.6841367e+02
   2.5292055e+02   2.2465458e+02
   3.3887152e+02   3.2788793e+02
  -8.9091743e+01  -3.9847371e+02
   9.2757790e+01   1.2100404e+02
   2.3338357e+02   1.9450902e+02
   4.5680446e+02  -3.6377351e+01
  -1.8737957e+02   3.4456757e+01
  -4.5284314e+00  -7.8193680e+01
   9.4140953e+01  -3.7297327e+02
  -1.3866201e+02   4.5743629e+02
   4.0901662e+02  -3.1455452e+01
   1.3266251e+02  -3.7400655e+02
   4.3935057e+01   1.2126844e+02
  -4.5711129e+02  -2.3804448e+02
   4.4410750e+02   5.0631009e+02
   2.1367104e+02   9.7976905e+01
  -4.3140907e+02  -3.3508028e+01
   2.4658797e+02  -4.1986475e+02
   3.7671744e+02  -4.6390685e+02
   1.9863087e+01  -2.2828732e+02
  -2.0916193e+02  -1.4240521e+02
  -3.0921760e+02   3.5484003e+02
   1.0910051e+02   4.8601823e+02
  -1.3312441e+01   2.1885483e+02
  -4.8717015e+02  -2.6413419e+02
  -4.4989990e+02  -3.3203272e+02
  -1.0330896e+02  -3.5604169e+02
   1.6666288e+02  -3.2379088e+01
   4.7421094e+02   2.5961961e+02
   4.3065356e+02  -2.5811370e+01
  -4.2380287e+02  -3.5380552e+02
  -3.0911294e+02  -9.5587741e+01
  -4.1620209e+02  -4.6497853e+02
  -4.7505993e+02   1.5214231e+02
   4.7161696e+02  -8.3417116e+01
   2.7583408e+02  -2.5276262e+02
  -1.7209496e+02   4.9718380e+01
   7.7674053e+01  -2.4860626e+02
  -4.1281172e+02   3.5058017e+02
  -7.1429414e+01   3.4794415e+02
   1.3847072e+02  -3.5207312e+02
  -3.5093157e+02   3.7485179e+02
   4.7107003e+02  -3.2037130e+02
   4.1312051e+02   3.1745209e+02
  -4.4430472e+02  -3.9479668e+02
  -4.6871048e+02   3.8265749e+02
   1.5866445e+02  -4.0332913e+02
  -4.4510246e+02   5.6117976e+01
   1.8451495e+02  -3.2028842e+02
   1.9121308e+02   3.8771671e+02
   2.1302952e+02  -2.7303987e+02
   3.3701505e+02   3.6022737e+01
   1.4718899e+02  -6.3275020e+01
  -4.7671962e+02  -1.9257893e+01
   4.0578018e+01  -4.6751952e+02
   4.1155358e+02  -1.0615099e+02
   3.8636632e+02  -3.8871948e+02
  -4.9226139e+02   4.0755464e+01
  -3.2329864e+02  -5.5424589e+01
  -3.8210348e+02  -1.8822987e+02
   2.6577735e+02   8.9991472e+01
   1.9144259e+02  -1.5721297e+02
   3.4503714e+02   1.1091510e+02
   2.8942354e+02  -2.3697506e+02
   1.6933314e+02  -1.2143075e+01
  -4.3582499e+02   4.5247367e+02
  -2.0315029e+02  -4.4232351e+02
  -2.8989576e+02   3.3298078e+01
  -1.5670868e+02   8.9300707e+01
  -4.0661986e+02  -3.3286692e+02
   7.1598977e+01  -3.0472270e+02
   2.2961844e+02  -3.9776317e+02
   1.4836510e+02   3.2434820e+02
  -8.1228327e+01   3.1829536e+01
  -4.9880502e+02  -1.4414231e+02
  -3.4088860e+02  -2.4710234e+02
   1.8830152e+02   1.3832938e+02
  -1.1687509e+02   3.6694172e+02
  -3.8929064e+02   2.0147464e+02
   2.9840296e+02  -4.4712829e+02
  -3.5334826e+02   4.7530792e+02
   1.2706854e+02  -1.3807796e+02
  -1.2248196e+02   4.3423552e+02
   7.2459014e+01   3.7492323e+02
  -4.3374901e+02   1.2703580e+02
   1.7749411e+02  -1.3867420e+02
  -3.4411445e+02  -3.6365410e+02
  -4.6383291e+02  -1.5108050e+02
   4.6418890e+02   4.6055413e+01
   2.2765770e+02   4.1239110e+01
   3.4327242e+02  -3.3192977e+02
  -1.4672560e+02   1.4940971e+02
  -3.9465864e+02   2.5408539e+02
   1.4746338e+02   4.1262675e+01
   2.0370997e+02  -2.1683794e+02
   3.2441290e+02  -3.4447781e+02
  -3.7498139e+02  -3.1787379e+02
  -3.0110722e+02  -1.3208459e+02
  -2.4939531e+02   1.3947889e+02
  -2.6316353e+02  -1.7171489e+02
   4.1792454e+02  -1.1962267e+02
  -4.9772812e+02   4.3559584e+02
   4.3473392e+02   2.0404570e+02
   2.9303442e+02  -2.1601831e+02
  -2.2957605e+02   4.8312074e+02
   3.6690639e+02   4.5833317e+02
   3.5990138e+02   3.0344108e+02
  -2.6773783e+02   6.5422270e+01
   2.0005214e+02   4.7067792e+02
   4.7831582e+02   6.6597750e+01
   9.1278070e+01  -8.1374690e+01
  -1.6182379e+02   2.7580526e+02
   9.4451021e+01   4.3608781e+02
   2.9066174e+02  -1.4701178e+02
   1.5055995e+02   5.5931247e+01
   2.4850103e+02   4.1988101e+01
   4.2270861e+02   2.8977646e+02
  -1.1557989e+02  -4.2017629e+02
  -2.0288551e+02  -4.0828622e+02
   5.9599319e+01  -2.8181338e+02
  -4.0753169e+02  -2.6892293e+02
  -4.2309098e+02  -9.1567532e+01
  -4.1483748e+02  -4.8490249e+02
  -3.7542745e+02   1.3735480e+02
  -2.2436484e+02  -3.6489625e+02
   3.0675405e+02  -3.4846976e+02
  -2.6151917e+02   4.5823132e+02
   1.0286836e+02   3.9889721e+02
  -9.2054321e+01  -5.0743171e+02
  -4.7956345e+02  -3.6532976e+02
  -8.0728518e+01  -1.2085680e+02
   1.0650690e+02   4.2862224e+01
  -1.6654566e+02  -4.6240985e+02
  -2.1680537e+02  -2.5676811e+02
   2.6276467e+02  -1.9777081e+02
   3.7354794e+02  -3.5840579e+02
   4.3058757e+02  -2.9307859e+02
  -2.4888665e+01  -4.6215583e+02
   4.8561573e+02  -4.8728710e+02
  -1.7012150e+00   1.9172045e+01
   4.1606819e+02   3.0298061e+02
   7.5184814e+00  -2.6227107e+02
  -4.4223446e+01  -4.8685318e+02
   3.3365196e+02  -5.4281558e+01
  -2.9364663e+02  -4.5617663e+02
   2.7319097e+01   4.0374232e+02
   9.0850826e+01  -5.0310005e+02
  -6.8630404e+00   6.6163155e+01
   1.3243040e+02  -1.7294105e+02
   4.4392058e+02  -4.3877223e+01
   3.7929197e+02   9.7098757e+01
  -2.1446649e+01   4.9970046e+01
   4.6102053e+02  -2.2043067e+01
  -3.7002557e+02   2.3729243e+02
  -9.5824582e+01  -4.9291627e+02
   6.1243649e+01  -9.8893646e+01
  -2.9458785e+02   4.2635543e+02
   1.8184494e+02   8.4283915e+01
  -9.9632625e+01  -2.2752568e+01
   1.4918901e+02   2.4646573e+02
   1.6063217e+02  -1.7128888e+02
  -2.0210825e+01  -2.4636523e+02
  -2.3801286e+02   4.2102168e+02
   3.6741864e+02   3.5268251e+02
   2.4680210e+02   8.4438766e+01
   2.9246282e+02   4.9403130e+02
  -1.1288832e+02   3.8436958e+02
  -2.0650082e+01   8.2230690e+01
  -4.0765270e+02  -1.0645892e+02
  -4.2676928e+02   1.9469385e+02
  -2.6545687e+02  -4.5035162e+02
   2.3938487e+01   1.3294256e+02
   2.9257814e+02  -3.3064319e+02
   4.1695785e+02  -8.4558526e+01
   1.3874693e+02   4.3468366e+02
  -1.2483408e+01   3.0705137e+02
  -3.3461531e+02   2.1121185e+02
  -2.4292442e+02   3.9351399e+02
  -1.9202537e+02   4.3427433e+02
  -3.5717765e+02  -1.2255166e+02
   2.0910102e+02  -1.9888793e+02
   6.8284876e+01  -3.4741636e+02
   4.5268540e+02  -3.5943100e+02
   9.0453891e+01  -3.4937535e+02
  -2.1806769e+02  -4.3029080e+02
  -3.1707056e+02  -3.2910284e+02
   4.7425052e+02   1.7878599e+02
  -1.1838747e+02   1.5426552e+01
  -4.6192532e+02   2.1795709e+01
   6.7716383e+01  -1.2080335e+02
  -2.4012675e+01  -4.7712290e+02
   3.7896760e+02   4.4418075e+02
   3.3410084e+02   3.7576834e+02
   4.2600875e+02  -4.7674763e+02
  -9.0795738e+01  -8.8663739e+01
  -5.1441584e+01  -1.2568738e+02
   1.0608966e+02   2.2105370e+02
   2.2527950e+02   1.4124462e+02
   4.8416932e+02  -2.4208323e+02
   3.1803168e+02  -2.3139097e+02
  -1.9923770e+02   5.0055243e+02
   1.2332946e+01  -3.6375137e+02
  -3.9661436e+02   2.7545655e+02
   2.7811321e+02  -4.3575432e+02
   9.9061557e+01   3.0236161e+02
   3.8909074e+02   2.2514277e+02
   9.0764067e+01  -2.5705263e+02
  -9.3227398e+01   3.9283092e+02
   1.2054133e+02   4.1212599e+02
  -6.1532510e+00   3.5245215e+02
   1.0102563e+02   3.8422331e+02
   4.0236319e+02  -4.6751110e+01
   4.6452140e+02  -4.2554289e+02
  -2.3388012e+01   1.0645872e+02
  -3.1772176e+02  -4.1514423e+01
   3.0165744e+02  -3.6733097e+02
   5.7849351e+01  -4.0359587e+02
   4.6379315e+02   2.7267746e+02
   3.5728829e+02  -1.2363753e+02
   1.4739755e+01   2.0435773e+02
  -2.9629691e+02   3.6296375e+02
  -3.2685323e+02  -2.5235436e+02
  -1.3038527e+02   4.8321057e+02
  -4.2465014e+02   4.3321342e+02
   4.6439499e+02  -2.6862081e+02
   4.8093342e+02   1.9220097e+02
  -6.8895125e+01  -3.6154902e+01
  -2.0945337e+02  -3.6773951e+02
   3.5435053e+02  -3.5339964e+01
  -2.8254872e+01   3.7587802e+02
  -4.1214926e+02  -4.2916777e+02
  -1.8997467e+01  -1.5947535e+02
  -3.0496270e+02   4.8973828e+01
  -3.1102070e+02   2.3869245e+00
  -5.8713458e+01  -3.8504870e+02
  -2.7741884e+02  -4.1330726e+02
   1.1886081e+02   2.4649777e+02
  -4.6151359e+02   1.5859117e+02
   1.5594655e+02   1.7027071e+02
  -4.9008795e+02  -2.6012072e+01
   3.6847950e+02  -4.5139077e+02
  -1.1428145e+02  -1.1453522e+02
   4.3328679e+02  -1.7704351e+02
   4.0749174e+02   4.2389531e+02
  -2.1760585e+02  -4.0561624e+02
   3.2656134e+02  -3.5918400e+02
   9.7963213e+00   2.9797066e+02
   7.0180123e+01   3.4537308e+02
  -7.1904012e+01  -8.1873980e+01
  -4.5997141e+01  -2.2171481e+02
   3.5660040e+02   4.3795872e+02
   2.6567495e+02   2.6569658e+02
   4.7657117e+02  -1.3147441e+02
   6.8327858e+01   1.5327771e+02
  -4.2268927e+02  -5.7199881e+01
  -4.9121722e+02   4.7095557e+02
  -3.4006852e+02  -1.1011577e+02
  -4.0013768e+02   2.8750792e+01
  -1.4064656e+02  -3.5607127e+02
  -2.2157194e+00   1.8195494e+02
   2.3014149e+02  -1.7032423e+02
   1.3668370e+02   2.5444456e+02
  -4.6939278e+02   2.3701610e+02
  -1.0092409e+02   2.2589100e+02
  -3.5044602e+02   2.4785615e+02
  -3.8071301e+02   6.8662120e+01
   2.3865102e+02   3.0840845e+02
   2.2815093e+02   9.4257246e+01
   2.0403053e+02  -3.7848276e+02
   4.1760526e+01   2.9363881e+02
   4.0610219e+02   2.1712073e+02
  -3.1030329e+02  -5.0291555e+02
   9.8701464e+01  -3.9519628e+02
  -1.0857386e+02  -4.5020271e+01
  -3.3855278e+02  -2.2750169e+02
  -4.4137364e+02   1.6170899e+02
   4.4471188e+02  -2.8809739e+02
  -4.4986628e+02   3.7077564e+02
   2.5225884e+02   4.7939788e+02
  -3.6916373e+01   2.0115087e+02
  -1.3415375e+02   3.1585921e+02
  -3.1060275e+02  -1.9196226e+02
   2.0476597e+02   3.7899435e+02
  -4.5931134e+02  -2.4018246e+01
   6.3041866e+01  -3.6112784e+02
  -6.9534109e+01   1.2505956e+02
   4.7794925e+02  -3.6029676e+01
   4.2274562e+02  -3.8625655e+02
  -2.3729385e+02   1.1834373e+02
   2.9080042e+02   4.0331307e+02
  -2.7981027e+02   3.3893214e+02
  -2.8075351e+02  -4.3484239e+01
  -2.5529356e+02   4.2657107e+02
  -4.0690355e+02  -2.0015469e+02
   1.2960287e+02   3.9612617e+02
  -1.8515821e+02  -8.2750113e+01
   2.4392762e+02  -2.5213620e+02
   4.2553470e+02   4.8348074e+02
   3.5343355e+02   3.6306718e+02
  -4.1543995e+02   1.4100010e+02
   1.6783264e+01  -4.6428484e+02
  -2.7106031e+02  -7.8301783e+01
   2.9509132e+02  -4.6743007e+02
  -1.7056587e+02  -3.0596857e+01
   2.7461838e+02   5.8504935e+00
  -4.7750388e+02   2.5063074e+02
  -4.7422433e+02  -3.1742092e+02
   1.6985049e+02  -4.6518660e+02
  -3.2479740e+02   2.2255260e+02
   4.9602027e+02   4.2423446e+02
   1.8388908e+02   6.9429128e+01
  -4.7120992e+02  -4.7616223e+02
   2.4942041e+02   4.0383942e+02
  -3.0748941e+02  -2.0638817e+02
   1.3894518e+02   5.0123434e+02
   3.2537902e+02  -1.8334449e+02
   3.2366191e+02   3.4514384e+02
  -3.7781600e+02  -3.8429109e+02
   1.1019977e+02  -3.6164323e+02
   1.4982674e+02   2.6121035e+02
  -7.6225120e+01   6.1134877e+01
  -3.8857215e+02   4.3455110e+02
  -4.4395321e+02   2.2657631e+02
  -2.3399019e+02   2.1872558e+02
   1.7993842e+02   3.4137096e+01
  -4.5595837e+02  -2.8967416e+02
  -1.2262891e+02  -2.3004471e+02
  -1.8077676e+02  -3.1923794e+02
   3.6327239e+02  -4.9263523e+02
   4.0424369e+02  -2.6997355e+02
   2.0277320e+02  -3.6311915e+02
  -9.6956263e+01  -4.1367644e+02
  -4.1726013e+02   7.3661885e+01
   1.9961280e+02  -1.8758258e+02
  -6.2476580e+01   2.9448177e+02
  -9.5773153e+01   1.9946372e+02
  -2.5267970e+02  -3.2331646e+02
   3.2626155e+02  -1.5031985e+02
   2.1077221e+02  -1.3343960e+02
   3.9358147e+02  -4.9135871e+02
   1.4034659e+01   2.5756019e+02
   2.7610558e+02  -2.3012910e+02
  -4.3598294e+02  -1.3793873e+02
   1.4825226e+02  -5.0069243e+02
  -3.9700632e+02   4.8888748e+02
   2.2345350e+02   5.0515653e+02
  -2.8365472e+02  -1.1945554e+02
  -8.3852042e+01  -2.3930375e+02
  -4.2330434e+02   4.8091267e+02
   1.3645242e+02  -4.2231037e+02
   2.8515137e+02  -5.0248914e+02
  -3.8820309e+02  -2.0965805e+02
  -8.3729383e+01  -3.2602048e+02
  -4.9508923e+02  -1.1874868e+01
  -4.6758160e+02   5.7690395e+01
  -2.6978679e+02  -3.5239008e+02
   1.8860397e+02  -8.9440850e+01
   3.7512631e+02   3.6534902e+02
  -7.5590189e+01  -4.7227652e+02
  -4.8399999e+02   5.8255622e+01
  -2.7222471e+02  -2.2750908e+02
   3.8094293e+02   2.6195753e+02
   2.0421894e+02  -2.5280091e+02
   2.2043952e+02  -3.1775583e+02
   2.2277610e+02  -1.4224217e+02
   2.7479887e+01   3.9402000e+01
   4.2094022e+02  -5.0510602e+02
   4.1350744e+01  -2.5265000e+02
  -2.6628163e+02   2.6983911e+01
  -5.5185250e+01  -3.9962205e+02
  -4.8333551e+02  -3.7984777e+02
  -2.6927402e+02  -2.1321442e+02
   2.6312316e+02   2.4469774e+02
  -2.8296479e+02  -3.1843718e+02
   9.1485374e+01  -2.9764710e+02
  -8.3749166e+01  -3.6208473e+02
  -4.4106810e+02  -3.5987120e+02
  -2.8568817e+02  -3.0375707e+02
  -2.8324701e+02  -2.1751512e+02
   4.8195110e+02   3.4042740e+02
  -4.5477637e+02   3.2033242e+02
  -4.8034674e+02   4.8317236e+02
   6.4992446e+01  -4.8405580e+02
   4.1329580e+01  -3.8954141e+02
  -1.2909037e+02  -1.5362014e+02
  -9.2230042e+01   2.6872181e+02
   1.6825887e+02  -4.7236032e+01
   4.4491922e+01   4.6366491e+02
   4.5216901e+02   1.5242807e+02
  -4.5344556e+02   9.0022266e+01
   3.5294676e+02  -1.8685960e+02
   2.4828926e+02  -4.0505156e+02
   4.1537592e+02   3.5016155e+02
  -3.1793319e+02   1.1881391e+02
   9.9493170e+01   1.1112188e+01
  -8.0835518e+01   3.0108379e+02
  -4.5132460e+02  -1.1842248e+02
  -4.3986435e+02  -1.7386880e+02
   3.1625777e+02   1.9775851e+01
   4.9687022e+02   8.5324190e+00
   4.9448588e+02  -3.8051543e+02
  -2.0976205e+02  -4.7667469e+02
   2.9929402e+02   3.0468064e+02
  -3.1790835e+02  -3.5856202e+02
   1.1791900e+02   1.6652600e+02
  -1.1191388e+02  -2.9369867e+02
  -4.0510644e+02   3.0446241e+02
  -4.4097611e+02  -4.4570574e+02
  -5.0541670e+02  -4.1769975e+02
   2.4828900e+02  -1.9550967e+02
  -3.5893230e+02   2.2735477e+02
   1.5405181e+02  -1.9220734e+02
   2.7383830e+02   1.1685326e+02
   3.9872500e+02   7.7946706e+01
  -6.6451086e+01  -1.0246475e+02
  -3.4220164e+02   1.9498212e+02
   2.6734990e+02  -2.9477196e+02
  -2.9112690e+01   1.2436869e+02
  -4.5188571e+02  -3.0622480e+02
  -4.6923513e+02   3.2663173e+02
   4.7466842e+02   1.3211673e+01
   2.6227372e+02  -4.8451845e+02
   4.8431984e+02   1.6766671e+02
   2.1119899e+02  -3.4337700e+02
   1.8370421e+02  -3.8407323e+02
  -2.0639858e+02  -2.8459587e+02
   3.4660910e+02  -3.9714682e+02
  -2.2385781e+02  -2.2243269e+02
  -1.4905913e+02   4.4362054e+02
   2.1743229e+02  -4.4852000e+02
  -3.4199663e+02   3.4478949e+02
  -3.3267669e+02  -4.7147008e+02
  -4.2627514e+02  -3.8960250e+02
   4.9288039e+02  -3.4757758e+01
   3.9817125e+02  -4.5901268e+02
   4.6645652e+02  -2.0559795e+02
   1.5068711e+02   3.5004816e+02
  -2.7553592e+02  -1.8219428e+02
  -2.8896290e+02  -2.8187115e+02
  -2.7956532e+02  -1.0503345e+02
  -4.6686392e+02  -3.8825741e+01
   1.0515559e+01  -1.3283385e+02
   3.0004458e+02   4.7406205e+02
   4.6226866e+02  -2.9994836e+02
   1.8745076e+02   5.0226018e+02
   1.3052157e+02   1.2536499e+02
   2.5356613e+02  -3.0168022e+02
   4.3219820e+02   2.7177033e+02
   3.7914537e+02  -8.9554471e+01
   4.1889306e+02  -1.6584154e+02
   9.2724940e+01   3.2450175e+02
   2.9783022e+02   2.0093581e+02
  -1.3744680e+02   1.6103709e+02
  -6.6632881e+01  -2.9872591e+02
   1.7351344e+02  -1.7814399e+02
   2.1196275e+02   2.1857680e+02
  -4.9621556e-01  -2.0850751e+02
  -4.8133632e+01  -1.7408903e+02
   2.5283504e+02  -3.3912323e+02
  -2.7049128e+02  -4.7247983e+02
   9.7588445e+01  -4.1893052e+01
   7.6183472e+01  -3.8475776e+02
   1.6301336e+02   3.9054139e+02
  -1.7833306e+02  -1.7094272e+02
  -2.5333143e+02  -1.5155273e+02
  -1.9410223e+02  -1.4620167e+02
   2.0457944e+02  -4.4103214e+02
   2.1251439e+02   4.2108685e+02
  -3.7502854e+02  -3.4799925e+02
  -2.5851210e+02   4.1201259e+02
   1.0883449e+02  -4.2660112e+02
   4.5143787e+02   3.8867089e+02
  -1.8579004e+00  -3.6819575e+02
  -1.4198941e+01   4.1550220e+02
   8.6785056e+01  -4.8866580e+02
  -1.8291975e+02  -3.9666630e+02
   6.6526381e+01   3.1155722e+02
  -3.5167447e+02   4.5235487e+02
  -4.1717762e+02   4.9758765e+02
  -2.1824792e+02  -1.9046969e+01
   3.4293895e+02   5.0429409e+02
   6.5742643e+01  -2.6135919e+02
   3.9420432e+02   1.5990914e+02
  -4.0059026e+02   1.6584000e+02
   8.3937491e+01   2.1907498e+02
   3.2042964e+02  -1.6409802e+02
  -9.6876272e+01  -3.7439571e+02
  -1.6611659e+02  -4.3003063e+02
  -1.1430764e+02   4.7688264e+02
   4.4645268e+02   4.9149859e+02
  -4.4600551e+02   1.1841211e+02
   4.0617460e+01   4.3482600e+02
   2.0569266e+02  -1.5479865e+02
  -1.1208003e+02   7.1663922e+01
   3.3521326e+02  -1.1990755e+02
  -3.2302873e+02   4.5152662e+02
   2.0773447e+02  -3.0856525e+02
  -4.8598600e+02   4.0750068e+02
  -4.0157361e+02  -4.0778548e+00
  -2.3030165e+02  -2.7337489e+02
   1.5970842e+02   1.0521397e+02
   1.2068731e+02   2.0397674e+02
   4.4880247e+02  -4.4233722e+02
  -2.2219010e+02   1.0276086e+02
  -7.6336980e+01  -3.4126624e+02
   2.2542411e+02  -2.9702269e+02
  -1.6861777e+02  -3.9282679e+02
   3.8042555e+02   3.2864616e+02
  -3.8019548e+02  -4.5394063e+02
  -3.0757348e+02   1.8859443e+02
  -2.1423742e+02  -3.1045204e+02
   4.3742791e+02  -3.8333108e+02
   4.0158089e+02  -3.4122100e+02
  -2.5565372e+02  -4.1148196e+02
  -1.3895121e+02  -3.2694017e+02
  -3.3891179e+02   1.6948301e+02
  -2.0551702e+02   1.4913461e+02
  -5.0258205e+02   9.2745960e+00
  -2.6622377e+02   1.6892116e+02
  -1.4713131e+01  -2.6112267e+02
   7.0643050e+01   2.1221413e+02
   3.5518535e+02  -4.5821617e+02
  -2.3229490e+02  -4.3482344e+02
  -3.6181917e+02  -2.4939206e+02
   4.4751178e+02  -1.5605808e+01
   2.8252268e+02   3.9081241e+02
   1.2511921e+02  -9.8727515e+01
  -2.5374730e+02  -4.9267606e+02
  -5.2379570e+01  -4.2735172e+02
   4.1876807e+02  -6.9724538e+01
  -1.0892678e+02   3.5527214e+01
   4.3708298e+01   3.6930467e+01
  -3.2066064e+01   2.8912439e+02
  -7.4759376e+01  -4.3111152e+02
   2.0650291e+02   4.3467829e+02
  -2.6662270e+02  -2.4421435e+02
   3.8323971e+02  -4.5053767e+02
  -1.4320312e+02   1.0448595e+02
   2.7179552e+02  -1.8167981e+02
  -4.0056870e+01  -2.6153383e+02
   2.9726061e+02  -2.4963438e+02
   3.5505180e+02   4.6752064e+02
   1.1558154e+02   2.8210956e+02
   7.6450000e+01   2.4492658e+02
   4.2376136e+02  -2.2467181e+02
   1.5282052e+02  -2.6933183e+01
  -1.4260611e+02   1.9114290e+02
  -2.8954947e+02   5.4619559e+01
  -2.3806029e+02  -3.2519752e+02
   1.7158500e+02   4.7083379e+02
  -1.9778716e+02   3.4321985e+02
   4.4588232e+01  -1.7999334e+02
  -3.6721041e+02  -1.3864033e+02
   4.0345759e+02   4.6805455e+01
   1.7206309e+02  -1.0439106e+02
   1.6845647e+02   4.0446280e+02
  -2.9474753e+02   1.0202032e+02
   4.0137286e+02   6.1694520e+01
   5.1786890e+00  -3.3260532e+02
  -4.6907030e+02   2.0268384e+02
  -3.4492028e+02  -2.0190900e+01
  -1.7065341e+02   4.6326989e+02
   4.2291797e+01  -3.0525229e+02
   4.5520641e+02  -4.8860893e+02
  -2.8339913e+02   1.4442361e+02
   9.6636840e-01   3.7939706e+02
  -4.9054133e+02  -4.9575589e+02
   5.5800693e+01   3.4150354e+02
   4.3954354e+02  -6.4985136e+01
   2.3821404e+02   3.4505250e+02
   1.1125719e+02  -1.7032965e+02
   7.7888512e+00   1.2127712e+02
   4.1358458e+02   2.0415172e+02
  -4.6771074e+02   3.0280369e+02
   4.3255555e+02  -9.8969589e+01
   1.2250634e+02  -2.4634843e+02
  -5.4523284e+00  -4.6505567e+02
   3.2660993e+02  -1.0684381e+02
   4.8313927e+02  -2.0067751e+02
  -1.3795426e+02   1.7653549e+02
   2.5168142e+02  -3.6726836e+02
  -1.5241472e+02   4.7442063e+02
  -9.5145468e+01   7.7698442e+01
   4.2164014e+01  -2.1559276e+02
   7.2328829e+01  -1.3500502e+02
   5.2085975e+01   1.4127723e+02
  -1.8184254e+02   3.8036275e+02
   2.2229338e+02  -9.0145449e+01
  -2.3727917e+02  -1.2494427e+02
  -2.0248831e+02   1.6370291e+02
  -2.9968678e+02   3.1070567e+02
   5.4108998e+01   5.6768359e+01
  -4.9168600e+02  -2.0170780e+02
   4.4738868e+02   1.7320710e+02
  -2.8656460e+01   2.0351159e+01
  -1.5426586e+02  -3.3035946e+02
   3.9040119e+02   4.0922452e+02
   4.1552782e+02   3.6552877e+02
   2.2643127e+02  -4.2987566e+02
  -1.1417557e+02  -1.9445108e+01
   3.6175875e+02   8.9581173e+00
   4.1598344e+02   2.7927826e+01
   5.0221016e+01   3.5524394e+02
   2.4859970e+01   8.9781224e+00
   4.4109713e+02   4.3232148e+02
  -1.4929618e+02  -2.6477421e+02
  -2.2134713e+02  -1.6782222e+02
  -4.7824355e+01   8.9882429e+00
   3.7929856e+02  -2.8345912e+02
   5.2836589e+01   2.6270234e+02
  -2.4102684e+02   1.5604845e+02
  -1.8729427e+02  -1.5936165e+02
   1.0245396e+02   3.6422527e+02
  -3.4225648e+02  -2.8836173e+02
  -1.0492180e+02  -4.0102248e+02
   2.7417464e+02  -4.1696725e+02
   2.2649471e+02   7.9376053e+01
   2.1297180e+02  -1.7001643e+02
  -2.4601434e+02   1.0627890e+01
   3.7389920e+02  -4.1941864e+01
  -7.5013871e+01   2.0515877e+02
   5.0597538e+02  -3.2678975e+02
   7.6198157e+01   7.3976004e+01
  -3.6051953e+02  -2.7182008e+02
   4.4965628e+02  -3.3644165e+02
  -1.9220951e+02   4.6393406e+02
  -2.2724485e+02  -2.0534533e+02
   4.0987746e+02   4.4176680e+02
   1.9422464e+02  -2.9104225e+02
  -1.9261805e+02  -1.7417149e+02
  -2.0912019e+00   4.0694961e+02
  -2.6319147e+02   1.5433093e+02
  -1.4954233e+02   2.5742791e+02
  -1.5515196e+02   3.7622030e+02
  -1.3356478e+02   2.0409113e+02
   4.2270847e+02   6.8451726e+01
  -3.9911708e+02   3.2566053e+02
  -2.4678439e+02  -1.7726927e+01
   2.9271510e+02  -4.8959526e+02
  -2.8490976e+02   3.5319991e+02
  -4.0011588e+02  -7.2651467e+01
  -4.4361233e+02  -5.4794947e+01
  -5.8942921e+01  -7.4432361e+01
   4.2770070e+02   1.5735977e+02
   4.7440095e+01  -3.3182584e+02
   4.6866594e+02  -9.8193672e+01
   3.8238354e+02  -1.4344741e+02
  -4.7261456e+02   4.4848265e+02
   5.4442539e+01  -4.3042487e+02
   3.1692293e+02  -4.8801116e+02
  -4.8147035e+02  -1.6293095e+02
   4.3633419e+02  -3.2957813e+02
   6.9669029e+01   6.0501089e+01
   4.8584710e+02  -3.1788408e+02
   1.9064545e+02   2.1138877e+02
   3.1615447e+01   2.5738019e+02
   2.3806503e+02  -2.1368672e+02
   1.8179180e+02   1.2440123e+02
   1.6101519e+02   2.3636059e+01
   2.0528145e+02   5.9331234e+01
  -4.4736066e+02   7.0897877e+01
  -4.5296969e+02   1.8709232e+02
  -4.6416035e+01  -4.7202643e+02
  -2.0962449e+02   9.5070327e+01
  -4.4125452e+02   3.8748298e+02
  -1.2226159e+00   2.7211433e+02
  -9.7373630e+01   3.3685645e+02
   1.3609837e+02   1.6119975e+02
   2.2994267e+02  -5.5229977e+01
   2.6145277e+02   4.9018729e+01
  -3.7323436e+02  -2.3979016e+02
   1.7930224e+02  -6.9524762e+01
   2.6867667e+02  -3.8105774e+02
   4.0069642e+02  -8.2522651e+01
  -2.3979275e+02  -9.3606220e+01
   4.6275630e+02   3.1151225e+01
  -4.0649569e+02   2.2785060e+02
   4.0683299e+02   3.3089461e+02
   1.0892758e+02  -5.3506188e+01
   5.6228938e+01  -3.8213370e+02
   1.2526393e+02   4.4073872e+02
  -2.3722822e+02  -7.1482407e+01
  -4.4845359e+01   1.5734058e+02
  -4.3001504e+02   1.5218224e+02
   2.9907779e+02   4.4020120e+02
   4.9007035e+02  -3.0349956e+02
   2.9278117e+02  -9.3222509e+01
   3.1264837e+02   1.5431789e+02
  -3.5586665e+02   8.7380897e+01
   2.0026725e+02   3.4697396e+02
   1.9975171e+02  -2.8481483e+01
   1.1010914e+02  -8.2528908e+01
  -9.0858954e+01   4.6769387e+02
  -5.0821349e+02  -4.6211144e+00
  -4.6137056e+02   3.6153557e+02
  -3.5987170e+02   5.0294223e+02
  -4.9913484e+02   2.4528923e+02
  -4.2059352e+02  -3.6838978e+02
  -1.9705865e+01   4.2932336e+02
  -4.9729577e+02   1.6470603e+02
   4.1589542e+02   5.5135908e+01
  -3.9970264e+02   9.7777648e+01
  -1.2796716e+02  -3.4652596e+00
   2.8231163e+02   2.1163167e+02
  -3.0885140e+02   3.3069777e+02
  -5.2702934e+01   1.8227418e+02
   1.0344092e+02   1.3147338e+02
  -1.5854885e+02   3.1191976e+02
  -1.7645579e+02   2.7907858e+02
  -3.0311353e+02  -3.5815648e+02
  -4.6349904e+02   2.5594849e+02
  -1.9091365e+02  -4.2363261e+02
  -6.2223356e+01   2.1294133e+02
  -1.5116847e+01   1.1889297e+02
   3.9225472e+02  -5.7989528e+01
   1.0416763e+02   4.2525059e+02
   4.2733646e+01  -4.8557357e+02
   1.9579189e+02   4.2341678e+02
  -7.5600746e+01   2.3612460e+02
  -2.1072610e+02  -3.8241179e+02
   1.2395289e+02   2.2564019e+02
   4.8230176e+02   3.2547757e+02
   3.8263051e+02  -1.5822757e+02
  -1.2972912e+02  -3.4592204e+02
   5.2737334e+01  -1.9256671e+02
   3.5006919e+02  -2.9893132e+02
   1.6457209e+02   3.1371279e+02
   4.2840161e+02  -4.4761015e+02
  -2.8784352e+02   4.5195613e+02
  -4.7048124e+02  -2.9381679e+02
   2.7770842e+02   3.4054982e+02
  -4.4826355e-01   3.2475965e+02
  -1.1405818e+00   5.2437898e+01
  -1.3711986e+02  -3.9201373e+02
  -1.4162099e+02  -1.8961669e+02
  -4.2683954e+01   2.4945694e+02
   1.5875778e+02   1.3404022e+02
  -3.2616349e+02  -3.7962556e+02
  -3.6523924e+02  -4.5288235e+02
   9.0495404e+01   2.3952083e+02
  -8.0766380e+01   1.8756559e+02
  -5.3673625e+00  -1.3110818e+02
  -3.9519633e+02   1.3286633e+01
  -3.2107037e+02  -2.1148712e+02
  -8.8787605e+01   1.4566788e+01
   1.2251946e+02  -1.9422292e+01
  -4.2931258e+02  -2.8996524e+02
  -8.2736087e+01  -2.1729004e+02
   2.2383382e+02   2.6773608e+01
  -3.8240544e+02   2.4555960e+02
   4.1462572e+02   3.8039308e+02
   3.1817767e+02  -8.6286953e+01
  -3.4246550e+02   4.0626352e+02
  -2.5392988e+02   2.7527898e+02
   3.0799864e+02   7.4660522e+00
  -4.2887153e+02  -7.0778820e+01
  -3.5128102e+01  -4.4517637e+02
  -2.0436725e+02  -2.9922132e+02
   4.3080074e+02   3.5032152e+02
  -1.0864323e+02  -1.7815470e+02
   2.9490074e+02   7.0821711e+01
   4.4927933e+01  -2.7881582e+02
  -2.1686422e+02  -3.3123649e+02
  -4.4655684e+02  -4.8227875e+02
  -3.6427073e+02  -4.6784621e+02
   4.1432309e+02  -5.5506401e+01
   2.9208813e+02  -5.5475625e+01
  -4.7638990e+02   2.1574463e+02
  -4.4487809e+02  -3.9836343e+01
  -3.6353955e+01   4.8485341e+02
  -1.0636856e+02   2.6039893e+02
  -2.0487327e+02   5.3197773e+01
  -2.3305061e+02  -5.0402261e+01
  -2.2333854e+01   3.4011345e+02
   3.4210885e+02   4.8203643e+02
   4.5302407e+02   6.3283772e+01
