  -4.0879796e+01   1.5624006e+02
   3.2059578e+02  -1.3141258e+01
  -4.6309271e+02   4.6493320e+02
   2.4400911e+02   4.6252386e+02
  -3.5493440e+02   1.7547471e+02
  -3.1228487e+01  -4.1729284e+02
   4.1506504e+02  -2.9575109e+02
  -2.6999929e+02  -5.1011245e+02
  -1.9856365e+02  -1.8774325e+02
  -3.0842789e+02  -1.7839076e+02
  -9.7054141e+01  -8.2757543e+01
   3.3668677e+02   3.7732269e+02
   5.1570577e+01   1.9766711e+02
  -1.6194404e+02  -9.6250434e+01
   2.2836801e+02  -2.3412612e+02
   5.0946002e+02  -4.1030188e+02
  -2.4596279e+02  -3.3048775e+02
  -1.3540756e+02  -1.8715669e+02
  -2.2171098e+02  -4.2649861e+02
   5.0045325e+02  -1.2245904e+02
  -2.5988982e+01  -4.5535200e+02
   3.7892259e+02  -3.9263246e+01
  -4.0105010e+01   1.1621030e+02
   3.7312513e+02  -1.2911112e+02
  -3.0789726e+02   4.3360572e+01
  -9.0302057e+01   3.0544121e+02
   2.4823327e+02  -2.3011328e+02
   1.2310369e+02   4.0946984e+01
   7.0023250e+01   7.7537249e+01
   4.2177546e+01  -5.0475828e+02
  -3.4538165e+02  -2.9870417e+02
   3.6899684e+02  -7.3485490e+00
  -4.4895958e+02  -1.0355627e+02
  -9.6369663e+01   4.0597861e+02
  -1.3842292e+02   1.7356017e+02
   3.9527848e+02   3.8913441e+02
  -3.4468178e+02  -4.4663637e+02
  -1.1653757e+02   5.1147981e+02
  -2.4045590e+02  -1.1962571e+02
   3.2849744e+02  -2.5032716e+02
  -4.6446231e+02  -2.1197778e+02
  -2.6054632e+02   5.4760116e+00
   1.5803537e+01   2.6439321e+02
   1.9066330e+02   4.6484932e+02
   4.7761573e+02  -4.5059831e+02
   4.6936472e+02   7.4666254e+00
   3.5198716e+02   3.3901206e+02
  -2.9899723e+01   3.9755431e+01
   3.2527584e+02   4.3095871e+01
   1.5591724e+02   3.2724576e+02
   1.0226178e+02  -5.1169899e+02
   1.4438273e+02   5.3662827e+01
  -1.1100191e+02   4.7772958e+02
  -3.3707997e+02  -1.8448788e+02
  -2.1829333e+02   4.7636272e+02
  -2.0898202e+02  -2.8945605e+01
  -2.4312365e+02   3.3553375e+02
  -5.2859004e+00  -6.8710877e+01
  -1.7199185e+02  -4.9181656e+02
  -3.0439162e+02   3.9140843e+02
   7.8112815e+01   1.7965190e+02
  -2.2036978e+02  -4.7560566e+02
  -4.0919919e+02   1.4327902e+02
  -1.5735603e+02   3.4921649e+02
  -1.3298284e+02   2.3603703e+02
   4.3088859e+02  -4.0844460e+02
   3.4110710e+02  -4.6771033e+02
  -2.0528404e+02   2.5626890e+02
   5.9098976e+01  -8.6627031e+01
   3.9004716e+02   4.3606021e+02
   4.8919196e+01  -2.4520281e+02
  -9.0948839e+01  -3.4452402e+02
  -2.8944169e+02  -2.6526457e+02
   3.8211423e+02  -4.4743968e+02
  -4.7412100e+02  -3.7842598e+02
   3.5009995e+02  -3.4263965e+02
  -2.9763335e+02   2.4426422e+02
  -3.2381066e+02  -4.0294188e+02
  -3.6792528e+02   3.0363117e+02
  -4.4102934e+02  -7.1269217e+01
  -2.1226505e+02  -4.9628263e+02
  -3.6929531e+02  -4.5385478e+02
   2.3613328e+02  -1.9110256e+02
   1.5288657e+01  -1.8954258e+02
   4.8558293e+02   4.8650397e+02
   3.7989224e+02  -4.8923589e+02
  -2.7315486e+02  -3.8489873e+02
   1.4418610e+00   7.2050629e+01
   1.8714062e+01   4.1781265e+02
   3.4594403e+02   4.2178205e+01
   2.6269799e+02  -3.9879127e+02
   4.2851296e+02  -2.6821251e+01
  -2.7965512e+02   3.9773909e+01
   3.6907032e+02   3.0519012e+02
  -4.8939521e+02   9.6323214e+01
   1.0411150e+02   4.3600331e+02
   2.8157962e+02  -4.0590701e+02
   2.8381028e+02   4.6562608e+02
   1.9578738e+02  -1.3293740e+02
  -4.5246791e+02   4.3098714e+02
  -5.0257821e+02   4.1796667e+02
   2.5523416e+02   3.9555959e+02
  -4.8828489e+02   2.3961834e+02
   3.1715785e+02  -8.7388355e+01
  -3.0515249e+02   3.0096168e+02
   2.0960199e+02   2.7732869e+02
  -1.1761667e+02  -2.4963749e+02
   3.4568820e+02  -2.0606140e+02
  -3.1736589e+02  -8.7996068e+01
   2.1020853e+02   6.2330838e+01
  -3.8676204e+02   4.5763415e+02
   2.9462927e+02  -3.6768149e+02
  -2.8011381e+02  -4.6943499e+02
  -4.6349887e+02   6.5966740e+01
   1.0593474e+02   2.4555455e+02
   1.5800255e+02  -2.1504321e+02
  -2.6804971e+02   1.8105481e+02
   1.6590371e+02   4.0441415e+02
   1.9154469e+01   4.3239315e+02
   1.9186282e+02   3.5135640e+02
   1.4527244e+02  -4.1728785e+02
   3.5542186e+02  -2.4984023e+02
   4.7454168e+02   2.7665533e+02
   2.1390366e+02  -4.0061043e+02
   1.2020852e+02  -3.9326952e+02
  -2.1184000e+02  -2.0275143e+02
   1.3389823e+02   3.6510741e+02
  -5.0444924e+01  -3.8931455e+02
  -9.8438555e+01   2.2994303e+02
  -3.7880107e+02   1.7002577e+02
  -3.2260984e+02  -4.1775063e+02
   3.9809846e+02   3.2315223e+02
  -1.3934937e+02   2.8131454e+02
   4.3306932e+02   4.9829326e+02
  -1.2537053e+02  -3.5573941e+02
  -3.2876563e+02  -3.1260849e+02
  -2.7819447e+02  -4.8410724e+02
   8.4888908e+01  -2.6555033e+02
   3.7887685e+02   1.5116512e+02
  -2.5129076e+02   4.0353899e+02
   2.3656256e+02  -3.6017696e+02
  -3.9041667e+02   2.8941844e+02
   7.8093912e+01  -5.4553815e+01
  -2.5207949e+02  -3.8431481e+02
   3.1335146e+02  -1.5025666e+02
   2.8577182e+02   2.5569958e+02
   2.0225150e+02  -2.7929417e+02
  -3.9850522e+02  -5.7655835e+01
   4.4115153e+02   3.3602492e+02
   1.7567166e+02  -1.4989293e+02
   1.8993287e+02   5.0570850e+02
  -4.3130504e+02  -3.0339448e+02
  -1.4816813e+02  -1.7210337e+01
   4.8998014e+02  -2.4021668e+02
   8.2267483e+01   3.5524460e+02
   7.5306370e+01  -7.1998655e+01
   4.4457739e+02  -4.5416508e+02
  -3.5794678e+02  -1.0143088e+02
   1.9072488e+02  -4.0852028e+02
   3.5460485e+02  -6.4468212e+00
  -2.8555391e+02   2.3639383e+02
   4.3488675e+02  -3.0497868e+02
   3.6347350e+02  -4.1671052e+02
  -3.2732028e+02  -5.1102174e+02
   1.9678040e+02  -3.6734486e+02
  -7.3247672e+01  -4.6305083e+01
   4.1362184e+02   1.7315193e+02
  -1.8349600e+01   3.0736656e+02
   3.9101752e+01   1.1619015e+02
  -1.0752307e+02   2.5728799e+02
   1.6692370e+02  -3.8266939e+02
   1.5797232e+02  -1.2966873e+02
   1.8951296e+02  -3.1343627e+02
  -1.9652032e+02  -3.2061685e+02
   4.2988945e+02   5.5457150e+01
  -2.1356620e+02   2.0880975e+00
  -3.3838763e+02  -1.1139647e+02
  -2.7949263e+02  -4.2494323e+02
  -1.1558367e+02   4.4243164e+02
   2.0216633e+02  -1.5939821e+02
  -2.9883793e+02   3.1446045e+02
   2.0915812e+02   4.2166794e+02
   4.6803941e+02  -2.5757060e+02
  -1.2452678e+02  -6.4020069e+01
  -1.5936678e+02   2.0149697e+02
   4.2532198e+02   2.5800844e+02
  -1.8790897e+02  -9.8679897e+01
  -4.1724140e+02  -1.6520748e+02
   3.2128625e+02  -2.3736515e+02
   4.0691596e+02   1.2738812e+02
  -4.0147751e+02   1.9625503e+02
   1.6118530e+02   1.1599564e+02
  -4.1903726e+02  -3.8239556e+01
  -4.2760961e+02   6.1469230e+01
  -4.3119711e+01  -4.0863985e+02
   1.7417948e+02   9.2300496e+01
  -7.6586792e+01  -7.8143820e+01
   2.8625112e+02   3.3128503e+02
   3.7135703e+02  -2.2775906e+02
  -2.3819172e+02  -2.1967722e+02
  -1.0398217e+02  -3.8318583e+02
  -3.8511743e+01   5.1321300e+01
  -3.5559234e+02  -4.5868863e+02
   2.6001173e+02  -2.2280038e+02
   2.5084312e+02   2.7297669e+02
  -9.5261828e+01  -2.8731066e+02
  -2.2334861e+02  -8.9200140e+00
   3.3639220e+02  -1.9617408e+02
   1.4244853e+02   3.8360141e+02
  -4.9964419e+02  -3.7395082e+01
  -4.9337818e+02  -2.8693597e+02
   4.2695832e+02   2.3572231e+02
  -4.8184588e+02   4.3597529e+02
  -3.4543087e+02  -4.1936159e+02
   3.3210487e+02  -4.7946768e+02
   7.6366255e+01   1.6531863e+02
  -2.5145374e+02   2.5551114e+02
   3.5281181e+02  -5.1256058e+02
   2.6991198e+01  -4.5760343e+02
  -2.3627523e+02  -3.6219219e+02
   1.6635499e+02  -3.9719969e+02
  -4.1233083e+02   2.9076319e+02
   1.3683676e+02   2.7065956e+02
   2.0559603e+02  -4.4531964e+02
  -2.0362344e+02   3.6432703e+02
  -5.9980848e+01   2.6289663e+02
   4.3958499e+01   1.2960736e+02
   1.8109994e+02  -2.2996524e+02
   4.9749395e+02   4.4441176e+02
   1.3559672e+02   1.8979414e+02
   3.7188716e+02   1.6588541e+01
  -2.9216895e+02   1.0889367e+02
  -5.1041744e+02   3.4857907e+02
   2.8301424e+02   1.4399760e+02
  -3.8884954e+02   1.0540335e+01
  -4.9504537e+02   3.0385107e+02
   2.2881148e+02  -3.2710066e+02
  -1.1887309e+02  -4.3547232e+02
  -1.5226091e+02  -1.9938763e+02
   5.5242465e+01  -4.5914738e+02
   5.0618861e+02   1.8545548e+02
   2.8790775e+02  -3.4283178e+02
   6.8524042e+01  -2.0273222e+01
  -2.4288352e+02  -2.5255365e+02
  -1.9521095e+02  -8.5745658e+01
   3.7468190e+02  -5.1764464e+02
  -1.0917897e+02   4.1340322e+02
  -2.5994173e+02  -2.8885185e+01
  -2.5287273e+02   1.7927614e+01
  -3.3093125e+02   4.3085680e+02
  -1.7661490e+02   1.8619912e+01
   3.6606314e+02   3.4333666e+02
   3.3240097e+02   2.1124923e+02
   4.4728700e+02   3.8544274e+02
   3.6561957e+02  -2.4077275e+02
   3.5179636e+02   4.2592709e+02
   1.2012746e+02  -2.9495620e+02
   1.2261217e+02  -3.5186111e+02
   3.8176595e+02   8.8026436e+01
   3.4482562e+02  -2.3142270e+02
   3.1693214e+02  -3.9129305e+02
  -1.2879829e+02  -4.1616620e+02
  -1.9757088e+02   4.9604938e+02
  -2.8359336e+02   1.3454660e+02
  -4.2330613e+02  -3.1529584e+02
   6.6864556e+01   2.1309740e+02
  -3.8843488e+01   7.9795097e+00
   3.1774161e+02   9.5196408e+00
  -3.0942950e+02  -2.0596432e+02
   1.6626786e+02   4.5911959e+02
  -2.0350183e+02   2.1882197e+01
   3.1948658e+02  -1.8528395e+02
   8.4966611e+01  -1.4958844e+02
   1.8479700e+02  -6.3610984e+00
   3.7758721e+02   3.7892122e+02
  -2.1288092e+02   1.7629278e+02
   2.0707102e+02   1.0109705e+02
   4.1615452e+02   4.8383005e+02
   3.4013131e+02   6.2387516e+01
  -4.6497070e+02  -1.9470862e+02
   1.4580555e+02  -2.7238640e+02
   5.6274678e+01   6.8176554e+01
  -1.7258355e+02  -2.3857572e+02
  -1.2912790e+01  -1.3310604e+02
   2.3838452e+02   5.4595937e+01
  -3.3205113e+02  -2.3446066e+01
  -9.2582224e+01   4.2664419e+02
   3.2934008e+02   3.9791620e+02
  -7.1122671e+00   2.1474089e+01
   3.6466124e+02   2.9157504e+02
  -3.6693844e+02  -1.4585422e+02
   2.4199401e+02   6.9096397e+01
  -3.2480187e+02  -1.9245581e+02
   3.1421687e+02  -4.4078455e+02
  -4.6080178e+02   5.1280642e+01
  -1.1151221e+02  -5.7499935e+01
   2.1820827e+02  -2.1468022e+02
  -2.2154171e+02  -1.8426960e+02
   3.2375416e+02   2.3456351e+02
  -3.4621710e+02   2.2515604e+02
   4.9637595e+02  -2.6680640e+02
   3.3391830e+02  -4.4873396e+02
  -1.8402500e+02  -2.5596299e+02
   2.1395684e+02   2.4348039e+02
   4.3975202e+02  -1.7597777e+02
   2.7981174e+02   3.8663654e+02
   3.0491756e+02  -5.1110569e+01
  -3.0290359e+02   4.2208888e+02
  -9.6183566e+01   3.2557697e+02
   3.3897649e+02  -2.1793930e+02
   1.1709747e+02   4.8828592e+02
   3.2821596e+02  -1.1946573e+02
  -2.0245985e+02  -2.7878268e+02
   4.3532397e+02   1.2571581e+02
   1.4905437e+02   2.6279736e+02
  -2.7232165e+02   3.4686735e+02
  -2.0736213e+02   3.7881681e+02
  -2.5052314e+02   3.1464928e+02
   4.6207556e+02   5.0265068e+02
  -1.8629229e+02   2.0440185e+02
   4.1948607e+02  -2.3469291e+02
   1.1155664e+02   4.6772709e+02
   4.5176199e+02  -2.0053660e+02
  -2.7717279e+02   1.5231255e+02
  -6.0037089e+01   2.8800680e+02
  -4.8796389e+02   2.7363223e+02
   7.8834556e+01  -2.3011571e+02
   1.2713456e+02   2.0137507e+02
   2.4484032e+02   1.8219673e+02
   5.0040494e+02   4.8867303e+02
   4.0120007e+01  -2.1469017e+01
   4.5385527e+02  -2.3350864e+02
   5.0588903e+02   2.7699190e+02
  -3.4294728e+01   2.7073717e+02
  -2.0849235e+01   4.4176349e+02
   4.7800763e+02  -3.7548250e+02
   4.4916808e+02   1.3100094e+02
   1.9627745e+02   3.3714480e+02
  -4.8805761e+01   6.1118996e+01
  -4.7302391e+02   3.0437120e+02
   2.5780075e+02  -1.1360635e+02
  -5.6306040e+01   3.3546374e+02
   3.9347899e+02  -4.4875124e+01
   4.4259333e+02   1.9570213e+02
   1.7431140e+02  -4.3780075e+02
   4.6726073e+02  -2.0822210e+02
  -2.5948813e+02   4.6296229e+02
   3.1517088e+02  -4.1101614e+02
  -8.4091756e+01  -4.9261190e+02
  -1.6736118e+02   4.0852445e+02
  -1.4397840e+02  -5.0513066e+02
   1.4658228e+02  -3.4378589e+01
   4.5533084e+02   2.1996951e+02
   2.3576961e+02   3.1598797e+02
   2.3569229e+02   1.7107739e+02
  -1.8442760e+02   2.2481772e+02
   1.9814801e+01   3.3364370e+02
  -8.5298164e+01   1.3833464e+02
  -1.1963705e+02  -2.6433662e+02
   6.3887595e+01   2.5717304e+02
  -4.5099305e+02  -7.9201203e+00
   2.6512279e+02   3.6326321e+02
  -3.0176523e+02  -1.2339228e+02
  -4.6461460e+02  -3.5025703e+02
   1.9979366e+02   2.4913861e+02
   9.8274132e+01   4.9283042e+02
   1.5971196e+02  -7.8287425e+01
   3.3720248e+02   1.1294972e+02
   4.4635527e+02   2.5567853e+02
   3.3771706e+02  -3.9439509e+02
  -6.9176843e+01  -1.3513867e+01
  -5.0934308e+02  -1.8254603e+02
   4.4252297e+02   4.2170255e+02
  -3.4585460e+02   2.7122296e+02
   2.8696166e+02  -1.5700064e+02
  -1.1010014e+02   2.2275391e+02
   1.3716995e+02  -4.3804362e+02
   7.5342502e+01  -3.9939027e+01
  -3.4460945e+02   1.2515334e+02
  -3.8528134e+02  -2.9729600e+02
  -3.4834547e+02  -2.3488815e+02
  -3.1404001e+02  -3.7329582e+01
  -1.3753376e+02  -1.3514399e+02
  -3.9402531e+02  -2.3994670e+02
   1.5906541e+02   1.7712180e+02
  -1.3077140e+02   4.1848947e+02
  -1.3481138e+02   1.1508405e+02
  -2.1490847e+02   1.4730875e+02
  -4.7152640e+02   7.8618351e+01
   3.9747325e+02   2.8748877e+01
  -3.0520483e+02  -2.1980813e+02
   2.2164413e+02   3.4437995e+01
  -1.2771842e+02   2.5556928e+02
  -4.3887754e+02  -1.6720984e+02
  -4.8618512e+02   2.1082113e+02
  -4.0605408e+02   3.1825584e+02
   3.8486334e+01   2.8936534e+02
  -4.7225923e+02  -2.8599752e+02
  -1.0337327e+02  -3.5229701e+02
   4.2938013e+02  -2.9171586e+02
   4.9382029e+02   5.0221334e+02
  -3.8305534e+02   1.3612474e+02
   3.1723850e+01   3.4189271e+02
   1.6077696e+02  -1.0217375e+02
   6.3113438e+01   2.9768241e+01
   3.3904963e+01   2.7521415e+02
  -6.5955463e+01   4.5567475e+02
  -2.3129362e+02   4.5855069e+02
  -1.2967830e+02   1.9099261e+01
  -1.8485284e+01   2.1437286e+02
   2.2617143e+02  -4.0805855e+02
   4.2456367e+02  -1.0585959e+01
   2.8760385e+02  -8.6558211e+01
  -1.3753362e+02  -1.6279316e+02
   4.7941709e+02   1.9074533e+02
   2.7339110e+02  -3.2320069e+02
   1.0037894e+02   4.5776318e+02
   2.5012416e+00   1.8670033e+02
   8.3112447e+01   9.3984504e+01
   5.0524161e+02  -2.7930558e+02
   3.5578698e+02  -1.6985672e+02
  -1.6951420e+01   2.3677723e+02
   4.7147395e+02  -2.8859271e+02
  -2.4515312e+02  -4.4405041e+01
   4.0273877e+02   4.5260195e+02
  -1.7123739e+02  -5.8437924e+01
  -3.1794066e+02  -3.5654226e+02
  -4.6351190e+01  -2.9167619e+02
  -1.8081351e+02  -3.9333414e+02
   3.0546964e+02   2.4569426e+02
  -2.1969350e+02   4.4026935e+02
  -2.3677859e+02   4.9916480e+02
   3.4022597e+02   3.6299604e+02
  -1.5163639e+02  -2.1896108e+02
   4.5197318e+01  -8.2768930e+01
  -3.7466263e+02   4.6636513e+02
   4.2198504e+02  -2.1352502e+02
  -3.1969984e+02  -2.3523514e+02
   3.9545127e+02   2.4823305e+02
   1.2998027e+02   3.1124298e+02
   3.6089098e+02  -4.9874245e+02
  -1.2270517e+02  -1.6286591e+02
  -3.6267062e+02  -1.2555257e+02
   3.7572454e+02  -1.8223140e+02
  -3.5195036e+02   7.0950642e+01
   3.8589055e+01  -3.3663378e+02
  -2.3197701e+02   2.2673720e+02
  -2.2713074e+02  -4.6239913e+02
  -4.3066477e+02   4.3174504e+02
  -7.9127967e+01  -3.9496794e+02
  -1.2309296e+02   2.1623218e+02
   3.3310287e+02  -2.7125118e+02
  -4.8505440e+02  -3.1478707e+02
  -1.7038146e+02   2.2596188e+02
  -2.0187567e+02  -3.7589490e+02
  -4.0975220e+02  -2.6755277e+01
  -6.1845790e+01   2.3759697e+02
  -3.4412235e+02  -2.7498475e+02
  -4.1472723e+02   2.6830803e+02
  -3.8942645e+01  -1.9438555e+01
  -1.9468189e+02   2.7484901e+02
  -8.2807652e+01  -2.6895742e+02
  -3.4366217e+02  -3.1270045e+02
  -1.6626045e+02   1.5174545e+02
  -2.1763384e+02   3.6821906e+02
   3.7682116e+02  -7.0364826e+01
   3.0871080e+02  -4.6014350e+02
   4.3024300e+02  -3.7384480e+02
  -1.9201106e+02   1.7957191e+02
  -4.2051053e+02  -3.2895438e+02
   3.0726375e+02   2.7216668e+02
  -3.9996016e+02  -1.9483960e+02
   4.7163916e+02  -7.2850539e+01
  -3.5398986e+02   3.7988461e+02
   2.8663873e+02  -2.2890991e+02
  -2.4823568e+02  -2.7246554e+02
  -5.0086828e+02   4.2180833e+01
  -2.6330889e+02  -2.5314702e+02
   9.2092104e+00   1.2698516e+02
  -3.9637465e+02  -3.6261412e+02
  -2.3488952e+02   3.8098693e+02
  -3.2489252e+02   4.6459797e+02
  -1.8038365e+02  -4.1368706e+01
  -1.8137770e+01  -3.1287600e+02
  -7.8767684e+01   3.1443041e+02
   4.0855228e+02   6.5300610e+01
  -9.4622979e+01   1.1349813e+02
  -2.7664187e+02  -1.7791673e+02
  -1.9738925e+02  -3.4122956e+02
  -2.0928922e+02  -1.1837706e+01
   2.6781937e+02  -6.7636214e+01
  -3.8348246e+02  -3.5591927e+02
   3.9381460e+02   4.6458991e+02
   3.8507180e+02  -3.8725868e+02
  -3.8556455e+02  -4.6857310e+02
   3.3931630e+02  -7.2712533e+01
  -2.9196012e+02  -4.7836082e+02
  -3.6748608e+02  -2.4256127e+02
  -4.3724931e+02  -3.5744945e+02
   1.4837825e+02  -3.0754364e+02
   3.6638685e+02  -2.1407105e+02
  -7.6250188e+01   2.3487374e+01
   4.3760993e+02   1.6586175e+02
  -1.6581548e+02  -2.1485887e+02
  -1.1414651e+01  -1.7871996e+02
   4.4492350e+01   3.9424189e+02
  -7.6577017e+01  -2.3525552e+02
  -3.5770018e+02   4.4234199e+02
   1.9229210e+02   1.9441130e+01
  -1.8767219e+02  -2.9382226e+02
   9.7124631e+01  -4.3814641e+02
   3.6413961e+02  -4.0194128e+02
  -2.1645183e+02  -5.6084497e+01
  -4.1833447e+02   4.1421668e+02
  -6.7425284e+01  -2.4711004e+02
   4.6901157e+02  -1.3039956e+02
  -3.0382802e+02  -8.3348835e+01
  -4.4609644e+02   8.9363790e+01
   2.2020969e+02  -2.8836702e+02
   1.4698048e+02   2.3558153e+00
   1.5264463e+02  -3.8035971e+02
   5.0728735e+02  -3.3004464e+02
   4.6856642e+01  -6.8089198e+01
  -2.4347242e+02   9.4397610e+01
   3.6491462e+02   5.1487271e+02
   2.5713869e+02   1.7480633e+02
  -5.0839373e+02  -7.8085386e+01
  -4.7404413e+02   2.3532284e+02
  -7.6562806e+01   3.0045438e+02
  -4.8826500e+02   4.2244854e+02
   2.3955155e+02  -2.1825587e+02
   1.5699867e+02  -4.5954302e+02
   1.0720250e+02  -3.2635805e+02
  -4.1345491e+02   2.1933064e+02
  -2.1247019e+02   1.2590005e+02
   2.4604972e+02   3.8425622e+02
  -3.2157491e+02   2.8622485e+02
   1.6737905e+02  -1.6985114e+02
   3.2385478e+02   3.8428077e+02
   4.1896527e+02  -1.7525463e+02
   3.1083502e+02  -5.1320786e+02
   1.1375974e+02  -4.1458647e+01
   4.1271327e+02   4.0992552e+02
  -1.4908638e+02   8.4170813e+01
   7.2426737e+01   5.6966030e+01
  -2.9097667e+02   3.0256979e+02
   3.5906547e+02   2.1705243e+02
   1.5791647e+02   3.9210660e+02
   5.1462941e+02  -4.5349220e+01
  -3.2449510e+02  -1.7756154e+02
  -5.2734319e+01   1.4000810e+02
   1.5956191e+02  -4.2154949e+02
  -3.1464494e+00  -4.3932745e+02
   4.1574919e+01  -4.4256644e+02
   4.5353834e+02  -2.6067424e+02
   5.1854177e+02  -3.3992521e+02
   1.3665943e+02   4.7995199e+02
   4.1192381e+02   8.5708727e+01
  -6.0605016e+01  -2.9089466e+02
   4.6998463e+02   2.9973191e+01
   3.2209580e+02  -3.4011093e+02
  -3.2591952e+00  -3.5114768e+02
   4.7789613e+02   7.5857808e+01
  -7.5234251e+01   6.5432427e+01
   4.0413408e+02   4.3169828e+02
   3.3206904e+02  -2.2376997e+01
   6.3142594e+00  -2.8937438e+02
  -2.7500200e+02   4.5674859e+02
  -2.3868995e+02   7.3070541e+01
   4.5408603e+02  -4.2364306e+02
  -1.1489470e+02  -4.6438768e+02
  -4.8747908e+02   1.2432100e+02
  -4.8862118e+02  -3.8128596e+02
   2.9325419e+02  -2.1620836e+02
  -1.9512719e+02   3.9911430e+02
   4.6446766e+02   2.6579322e+02
  -1.4725436e+00   1.1700620e+02
   5.0366453e+02  -4.6306596e+02
  -4.2584412e+02   1.1511821e+02
  -7.8927491e+01  -1.4610948e+02
  -2.9139968e+02   1.1867404e+01
  -2.2376778e+02  -7.5187743e+01
   4.5289350e+02  -1.6584102e+02
   7.2273224e+01   1.0440244e+01
   1.2404228e+02   2.7833516e+02
   5.0337601e+01  -1.9150647e+02
   1.1444095e+02   6.8767062e+01
   4.5533305e+02  -2.7540724e+02
  -1.0421644e+02  -2.9866653e+02
   9.8790357e+01  -4.7648152e+02
   7.1504573e+01  -1.7558202e+02
   3.1820963e+01  -3.1342726e+02
   1.3798461e+01  -2.4750405e+02
  -3.5135008e+02   1.1230556e+02
   3.2054552e+01   5.4226680e+01
  -2.8990246e+02   3.9004732e+02
   3.9026055e+02  -1.1958187e+01
  -3.8948832e+02  -3.9022438e+02
   5.1785054e+01   4.4375553e+02
   2.9606340e+01   2.5451106e+02
   2.2829348e+02   7.3736552e+01
   4.0274560e+02   1.8298446e+02
  -4.5592749e+02  -3.8928961e+02
  -2.7832432e+02   2.1759039e+02
  -3.6478479e+02   4.5528473e+02
   4.4396953e+02  -3.6823522e+02
  -3.9851483e+02  -9.2051608e+00
  -4.9928067e+02  -3.5452099e+02
   1.9980152e+02   2.8804900e+02
  -1.8307254e+01  -4.2456297e+02
  -9.4917096e+01   3.7566256e+02
  -2.7767186e+01  -3.9951209e+01
   3.8581340e+02  -1.5189072e+02
  -2.2169905e+02   2.7129913e+02
   3.5354874e+02   1.2128726e+02
   2.0479221e+02  -3.0095305e+02
   4.0405655e+02  -4.8290655e+02
   2.1009106e+02   3.1122143e+02
   3.0915794e+02   5.1961422e+02
  -3.9263625e+01   3.0775639e+02
   1.3450697e+02   1.0246038e+01
  -6.7572688e+01  -3.2909958e+02
   3.9583385e+01  -4.3498394e+01
   1.0799859e+02   3.9777661e+02
   3.1237007e+02   4.7603873e+02
   4.5674235e+02  -3.0395985e+02
   4.0605259e+02  -2.5061340e+02
   2.2413591e+02   3.0815748e+02
  -2.1418383e+02   3.5431446e+02
  -2.4690472e+02   4.1752265e+02
   6.4820198e+01   1.2351830e+02
   1.5030000e+02   4.1812526e+02
   3.0725458e+02  -1.6291597e+02
   4.2371256e+02  -1.8880332e+02
   1.1341757e+02  -4.6130690e+02
   3.5756367e+02   1.9226684e+01
  -2.2967364e+02  -1.7201380e+02
   3.7697053e+02   1.7192735e+02
  -6.0088947e+01   4.2397968e+02
   1.4700900e+02   4.6919451e+02
  -3.4189679e+02   2.5735750e+02
  -1.5142797e+02  -1.0661642e+02
   2.2600716e+02  -2.0209679e+02
  -7.7461035e+01   1.8749450e+00
   3.3728378e+02  -3.2650311e+02
   2.3444141e+02   1.9245826e+02
   3.0888404e+02  -1.3043948e+02
  -4.1022447e+01   3.2215360e+02
  -4.7711084e+02  -4.1282218e+01
   1.1479368e+02  -1.6757027e+02
   4.2189762e+02   4.6348856e+02
   7.0945374e+01   1.9177902e+02
   2.0677666e+01  -5.5795615e+01
  -3.5315120e+01   1.7442389e+02
  -1.5338687e+02  -1.7731857e+02
  -2.5147659e+02   1.1809247e+02
   7.1028096e+01  -4.8339178e+02
  -4.3883920e+02   3.4093907e+02
   1.8196065e+02   4.2744067e+02
   3.0982255e+02  -3.0959477e+02
  -1.0115087e+02  -4.9767700e+02
  -1.5871551e+02   4.6217934e+02
   1.7919253e+02  -4.5659286e+02
   3.7712498e+02   3.2448430e+02
  -3.1243328e+02  -5.1268133e+02
   4.5094768e+02   2.9431421e+02
  -9.9683362e+01   4.9802182e+02
  -4.6280575e+02  -2.6676053e+02
   4.2874102e+02   3.5273196e+02
   1.8984415e+02   2.2001146e+02
  -4.4831828e+02   4.2727423e+01
  -4.7283598e+02  -1.4242496e+02
  -1.1438737e+02  -4.2133386e+02
   1.3534753e+02  -3.4627223e+02
  -4.5333737e+02  -7.8899339e+01
  -2.8239509e+02   1.1973283e+02
  -4.7866739e+02   1.8979163e+02
   2.2905244e+02  -3.0727436e+02
  -1.0698885e+01   1.6325014e+02
  -3.3675613e+02   4.0601435e+01
   3.1739448e+02   5.0296171e+02
  -3.6515293e+02   1.6507350e+02
   3.0290141e+02  -2.8573585e+02
   3.7276473e+02  -2.7500141e+02
   3.6202954e+02   2.7752338e+02
   4.3293553e+02  -2.5222557e+02
   1.4574378e+02  -2.8708309e+02
  -4.4820761e+02  -3.2652159e+02
  -3.0567717e+02  -4.5693146e+02
  -1.8787371e+02   1.6610877e+02
   2.9073021e+02  -1.8959371e+02
   4.6416216e+01  -1.2580915e+02
  -4.0364037e+00   7.4003048e+00
  -4.6422879e+01  -4.2304895e+02
  -2.8342920e+02   4.3743971e+02
  -3.3690084e+02   3.1290722e+02
  -1.9482674e+02   9.1499338e+01
   2.8666319e+02   1.5791338e+02
  -3.1066893e+02   1.9737281e+02
  -4.4661816e+02   3.1449209e+02
  -3.3244304e+02  -2.6627015e+02
  -1.0257364e+02  -1.5778425e+02
  -7.5453613e+01   3.2821891e+02
  -9.2163984e+01   2.0945190e+02
   2.1354439e+02   1.8876123e+02
   3.4935399e+02   4.0093462e+02
  -1.1130069e+02   2.7887496e+02
  -4.1707293e+00   2.8604771e+02
   1.8300495e+02  -3.2625980e+02
   1.1664656e+02   1.8435845e+02
   4.0601181e+02  -3.5489764e+02
  -9.8577592e+01  -1.5259364e+01
   1.7230382e+02   2.3905556e+02
  -1.3428763e+02   4.3293951e+02
  -1.2102717e+02   6.7857662e+01
   1.4110211e+02  -3.6301364e+02
  -2.6141699e+02   9.6192622e+01
  -4.3776021e+02  -3.1638346e+02
   2.2456972e+02  -1.1514188e+01
   2.8290061e+02   3.5331556e+02
   2.1051281e+02  -2.6131717e+02
  -3.9941040e+02  -1.5471239e+02
  -2.0301440e+02  -1.2244158e+02
   4.5676361e+02  -5.6567988e+01
  -4.3313015e+02  -2.2768434e+02
   7.4034158e+01   3.9587292e+02
  -2.9353537e+02   7.2954805e+01
   8.7023383e+01   3.6920542e+02
   4.1869615e+01  -3.5119906e+02
   4.5044312e+02  -3.4414708e+02
  -1.7282954e+02  -2.9030677e+01
   9.0722884e+01   2.7798579e+01
   1.3084409e+02  -6.9550198e+01
   2.9650282e+02  -3.8965186e+02
  -3.8279495e+02   4.7290875e+01
   3.4299028e+02  -1.7705353e+02
  -4.2451290e+02   3.4246273e+02
   4.7349340e+02   4.2606862e+02
  -3.0549384e+01   1.9541024e+02
  -4.8427432e+02   3.6402519e+02
  -2.9766789e+02  -3.5500014e+02
   2.0164926e+02   1.6452081e+02
   1.5307946e+02  -2.5969538e+02
  -1.2767850e+02   3.7738220e+02
  -4.3172799e+02  -5.4177033e+01
  -1.2128138e+02   4.8728577e+01
   4.8695172e+02   2.8238355e+01
   2.5392309e+02   2.4028851e+02
   3.2764860e+02  -1.1519766e+00
   2.7283966e+02   2.8760979e+02
   7.4879766e+00   3.6676756e+02
   5.4677698e+01   3.5939508e+02
  -2.5288847e+02  -4.9048279e+02
   1.4010096e+01   2.9351819e+02
   2.3805453e+02  -4.3299246e+02
  -5.0560497e+02  -1.0695170e+02
  -1.9016066e+01   2.9928986e+01
   4.4505540e+02  -3.2275702e+02
   2.3628456e+02  -3.3946577e+02
   2.0176359e+02   3.2329415e+02
   2.3990738e+01  -2.3336576e+02
  -3.3066559e+02   1.8252304e+02
  -2.9315832e+02   4.5219531e+01
  -3.9265024e+02   5.0460310e+02
   1.8061875e+02   3.7514485e+02
  -2.2525993e+02   4.8959143e+02
   4.0857999e+01  -4.6331617e+02
   1.2290961e+02  -2.4621444e+02
   3.6569765e+02  -3.1964222e+02
   5.0849084e+02   2.1871875e+01
  -4.4744778e+02   2.2621604e+02
   2.0864697e+02  -1.0876940e+02
  -2.6538326e+02  -2.2518258e+02
   4.9191583e+02  -2.9749588e+02
   4.5702300e+02   3.6613442e+02
  -3.2417035e+02   1.3221956e+02
  -4.0801639e+02  -2.4504029e+02
  -1.6679887e+02  -4.4337706e+02
   3.3970948e+02  -5.1984863e+02
   4.2350832e+02  -6.8163895e+01
  -4.6742051e+02  -9.3755908e+01
  -4.4802151e+02   3.2922601e+02
  -4.1406366e+02  -1.5085330e+02
  -2.0800715e+02   5.0938608e+02
  -2.8249879e+02  -3.0011797e+02
  -1.9634429e+02  -2.3933924e+02
  -4.7704827e+02   3.3066314e+02
  -2.6195078e+02  -1.6283212e+02
   1.6293154e+02   2.6649194e+02
  -1.1875836e+02  -2.0911795e+02
   1.7708179e+02   1.2888856e+02
  -4.3085937e+02   1.4250310e+02
  -2.4264110e+02   2.6711176e+02
  -1.8765575e+02  -2.8754301e+01
  -2.0992885e+01   3.8149778e+02
   3.6657551e+02   4.6023624e+02
   3.6180701e+02  -1.5020562e+02
   1.8966347e+02   1.8383168e+02
   6.3807887e+01  -2.4499962e+02
   1.0571412e+02  -2.9519464e+02
   3.9138837e+02   1.1266827e+02
  -3.2247910e+02   4.4299029e+02
  -4.4383161e+02   5.0206418e+02
   3.1708938e+02   1.0418225e+02
   4.7487913e+02  -1.8564643e+02
  -1.5710624e+02   2.4104063e+02
  -3.9165637e+02   7.9718739e+01
  -1.1661945e+02   9.0647726e+01
  -2.5299818e+02  -6.6548871e+01
   2.6437867e+02   4.5832127e+02
   1.4687523e+02   1.6905062e+02
  -1.8232544e+02  -4.2730592e+02
  -1.7826800e+02   5.0530244e+02
   3.4776435e+02   4.7208401e+02
   2.3526363e+01   2.2680543e+02
   5.1175956e+02  -3.5328430e+02
   3.4838274e+01  -4.2186551e+02
   2.0792749e+02   2.2996944e+02
   2.8218341e+02   6.9552280e+01
   1.8902987e+02  -4.2330498e+02
  -9.7094376e+01   4.8332812e+02
   1.2046619e+02   6.3757945e+00
  -4.6218695e+02  -4.0240160e+01
  -3.4662776e+02  -3.4015393e+02
  -7.4809500e+01  -2.8945422e+02
  -8.7653651e-01  -3.0208154e+02
   1.1620264e+02   8.3256974e+01
   1.7448288e+02   5.1292971e+02
   3.8493203e+02  -3.4849450e+02
  -2.8709724e+02  -3.9999650e+02
  -3.1755486e+01   2.9144637e+02
  -1.3890288e+02  -4.4422502e+02
   4.8337957e+02  -3.5436599e+02
  -7.6959774e+01  -3.6063881e+02
  -3.8669717e+02  -1.6246996e+02
   2.2215600e+02   2.2992142e+02
   4.7452950e+02   4.6026953e+01
   3.4598195e+02  -3.1528207e+02
   6.0618517e+01   3.8068668e+02
  -4.7422582e+02  -4.8121598e+02
   4.7724941e+02  -1.9028643e+01
   3.1093698e+02   1.9599074e+02
  -4.5778689e+01   2.8772353e+02
   4.3014542e+02  -4.2305925e+02
   1.8916371e+02  -3.3970189e+02
   4.7089763e+02   9.5428378e+01
   5.8001643e+01  -2.8526015e+02
   4.6927607e+02  -1.5105979e+02
  -1.4748873e+02   2.0949961e+02
  -3.2763308e+02   9.2663640e+01
  -3.2211008e+02  -1.6306531e+02
   3.0502302e+02   3.6489295e+02
  -3.0765894e+02   3.3777689e+02
  -4.6490315e+02  -4.4993128e+02
  -3.5460684e+02   4.7378519e+02
  -1.6453710e+02  -1.3052200e+02
   4.6382912e+02   2.8688702e+02
  -5.1099201e+02   6.4631725e+01
   5.3302045e+01   1.8526056e+01
   2.2978295e+00   2.0727109e+02
  -3.7226240e+02  -4.1279561e+02
   2.3778108e+02   1.3110382e+02
   2.1986018e+02  -8.2274958e+01
   2.4631367e+00  -3.1655924e+02
  -2.7391554e+02  -3.2750012e+01
  -9.1531138e+01   5.3095987e+01
   2.8247536e+02  -1.2439154e+02
  -2.1623868e+02  -2.4552799e+02
  -3.8873312e+02   4.7949759e+02
   6.4975789e+01   1.5669747e+02
   2.1755198e+02   6.4724711e+00
  -1.9670013e+02   4.6810755e+02
  -4.3997536e+02  -4.2124963e+01
  -2.6817062e+02   1.6236397e+02
   1.4861682e+02   3.6432984e+02
  -3.7090518e+02  -2.1716507e+02
   2.8232474e+02  -2.9213911e+02
   8.0501163e+01  -3.6639392e+02
   1.4815025e+02   3.0248147e+02
   2.6044456e+01   9.5694005e+01
   1.3484068e+02  -3.2469190e+02
   1.0301033e+02   3.5627541e+01
   1.0531026e+01  -1.6039718e+02
  -3.2011184e+02   1.6528894e+02
  -4.2710135e+02   3.6185896e+02
  -8.9712513e+01  -2.2820256e+02
   3.9519669e+02  -2.6032222e+02
  -7.3197777e+01   3.7724177e+02
  -4.6734032e+02   4.3238953e+02
   6.0799694e+00   2.7536409e+02
   2.9145566e+02  -4.4484593e+01
  -2.5997076e+02  -3.6056401e+02
  -4.6644339e+02  -1.6410778e+02
  -6.4627561e+01  -3.9249477e+02
   2.5248215e+02   3.2126377e+02
  -3.2819631e+02  -3.7504173e+01
  -4.3978709e+02  -1.2421219e+02
  -1.0835193e+02   1.8497951e+02
   2.4083776e+02  -6.9638404e+01
   3.4530525e+02  -2.9352759e+02
  -4.3097162e+01  -3.3854328e+02
  -3.1010028e+02   2.2802948e+01
  -2.4694063e+01   4.5642937e+02
   2.8751251e+02  -3.2317323e+02
   4.9000265e+02  -7.5970113e+00
  -8.3308067e+01   4.6808967e+02
   1.8725477e+01   4.0337851e+02
  -2.3519679e+02  -4.7545254e+02
   1.4546629e+02   2.8265401e+02
  -3.6473474e+02  -1.8473356e+02
  -4.7790320e+02   2.6280762e+02
  -5.0292447e+02   1.0261559e+02
  -1.0906335e+01   1.3519356e+02
   1.6578800e+02   3.3812383e+02
  -6.2280963e+01   4.7003342e+02
   1.1773107e+01   6.1333383e+01
   9.7179117e+01  -3.0681442e+02
   3.6139694e+02   6.2868242e+01
   1.1726401e+02   2.6225929e+02
  -2.0428421e+02   1.8746510e+02
   3.3854452e+02  -4.9517384e+01
  -4.2305714e+02   4.7346582e+02
  -3.6564011e+02   3.6891362e+02
   2.1639531e+02   4.4249065e+02
   3.9983807e+02   4.0314708e+02
  -2.2575211e+02   2.3940491e+02
  -3.8878048e+02   1.8029774e+02
   2.6252089e+02   1.4527767e+02
  -4.4304349e+02  -2.3852627e+02
   4.8549272e+00  -4.0164759e+02
  -3.7512564e+02   1.8383120e+02
   3.9115050e+02  -1.3900953e+02
  -3.9138378e+02   3.4924256e+02
   2.4660374e+02  -1.7048326e+02
  -6.2884321e+01   5.8046649e+01
   1.1182809e+02  -5.8754288e+01
  -5.0463613e+02  -5.1477362e+01
  -2.1547417e+02  -3.8773724e+02
   1.6393585e+02   3.1508659e+02
   3.4213657e+02   1.7883176e+02
   2.2397371e+02  -2.6599194e+02
  -4.5641030e+02   2.6586261e+02
   1.7956556e+02   2.0943604e+02
  -1.7431743e+02  -2.8831929e+02
  -3.8291480e+02  -3.7561046e+01
  -3.1837029e+02   3.0599899e+02
  -2.1476079e+02   1.1167630e+02
   1.6735094e+02  -3.5653361e+02
  -3.4083169e+02  -1.0376753e+01
   2.6739365e+01  -4.9206741e+02
  -4.7122140e+02  -4.0377132e+02
   4.8858101e+02  -4.1752717e+02
  -3.6260242e+02  -7.0170171e+00
  -5.0352810e+02  -1.4661180e+00
  -4.1540036e+02   1.6259437e+02
  -4.5668079e+02  -2.9322243e+02
  -1.6984182e+02   3.6560592e+02
  -4.4722650e+02   1.1913248e+02
   4.1035574e+02  -3.7982340e+02
  -2.8262852e+01  -1.6370677e+02
   4.3787529e+02  -3.3541319e+02
   3.5376006e+02  -7.1642831e+01
  -2.7736832e+02   1.9922194e+02
   2.8823751e+02   2.3472692e+02
  -2.0687623e+02   3.1068875e+02
  -3.7355354e+01   1.4215523e+02
   4.8850567e+02   3.9005691e+02
  -6.7607738e+01   9.2347091e+01
   9.4529701e+01  -3.3369241e+02
  -4.4104682e+02  -1.5288697e+02
   1.9518134e+02  -6.3550408e+01
  -1.5394184e+02   1.5822375e+02
  -5.2758277e+01  -2.4837173e+02
   3.1553729e+02   1.6878049e+02
  -3.6119033e+02  -1.7119975e+02
   2.5983493e+02   3.4375767e+02
   6.6675921e+01  -3.4004530e+02
  -4.0666464e+02  -2.6518656e+02
   3.7979077e+01   1.5576408e+02
  -2.5228373e+02  -4.5213166e+02
  -4.5149292e+02  -2.1944248e+02
  -1.7852380e+02   3.5415810e+02
  -2.6306480e+02  -8.4909278e+00
  -3.1656899e+02   3.2658144e+02
   3.1868936e+02   2.8124608e+02
   3.8765966e+00   2.4594102e+02
  -4.4443003e+02  -3.9825261e+02
  -3.5227843e+02  -4.0676914e+02
   4.6070724e+02   1.4800159e+02
   3.7878802e+02   5.0791183e+02
  -2.2633633e+02   1.8058325e+02
   3.9287920e+02  -8.3279608e+01
   1.3286570e+02  -3.7668279e+02
  -2.3748200e+02  -1.1911816e+01
  -3.1620797e+02   4.2922450e+02
   3.9164923e+02  -4.0006997e+02
  -2.8682315e+02  -2.7984552e+02
   4.0209597e+02  -2.0490980e+02
   2.4109764e+02  -3.9203930e+02
  -1.5500370e+02   2.6795379e+02
   1.9715071e+02  -3.8173479e+02
   1.4409130e+02   3.9403414e+01
  -2.4676408e+02   1.7778807e+02
  -3.3919022e+02   4.9632977e+02
  -3.7695995e+02   1.0250157e+02
   4.9789009e+02   2.2761632e+02
   2.3017884e+01  -3.5883336e+02
  -3.9305674e+02   2.2768771e+02
  -4.8692095e+02  -3.4612280e+02
  -1.0290216e+02   2.9790216e+02
   1.7757449e+02   3.4725433e+02
   3.1816771e+02   2.0817183e+02
   4.0109709e+02  -6.4249144e+01
  -3.4369944e+02   1.6686444e+02
   9.7642259e+01   4.0789712e+02
  -4.0319358e+02  -2.1947559e+02
   2.3299455e+02  -8.8743058e+01
   4.1664708e+02   2.2441417e+02
   1.4804851e+02   7.2850311e+01
  -3.5221991e+02   5.6190623e+01
  -2.2578173e+02   2.9548340e+02
  -1.2101477e+02   1.5651488e+02
  -8.7677144e+01  -1.5808430e+02
   1.1985983e+02  -4.7465059e+02
  -4.7094407e+02  -2.3955771e+02
   2.4085183e+02   3.9724582e+02
  -4.2935353e+02   2.6968812e+02
  -5.0394986e+01  -2.8475698e+01
  -2.0692303e+02  -1.6105948e+02
  -1.9307826e+02   2.9445651e+02
   2.7240952e+02   3.2739947e+02
  -2.1203204e+02   3.2431870e+02
  -4.8969629e+02   3.8311403e+02
  -3.1808949e+01  -3.2987814e+02
   3.8107623e+02  -4.6864244e+02
  -7.6417576e+01  -3.4581243e+02
   1.6633385e+02  -6.5344572e+01
  -3.0988936e+01  -3.0559871e+02
   4.0126458e+02  -1.0925069e+02
   6.4391418e+01   4.2621133e+02
   3.5051280e+02   3.7328375e+02
   9.5965131e+01  -2.8386612e+02
   4.1901233e+02  -3.9154286e+02
  -4.4848406e+02   4.6236684e+02
  -1.6191740e+02  -3.1541832e+02
  -4.1837740e+02  -4.1879788e+02
   2.2849812e+02   3.4155103e+02
   1.6815985e+02   2.1882472e+02
  -1.6805758e+02  -2.7588096e+02
  -6.6853779e+01  -4.6867234e+02
  -3.7718699e+00   4.5234171e+02
  -4.4829994e+02   2.9965121e+02
  -3.4837818e+02  -2.4927272e+02
   1.5866100e+01   3.1361704e+02
  -1.5370007e+02   4.2901073e+02
  -4.1471295e+02  -1.7940420e+02
  -1.4270129e+02   1.2699957e+02
   5.1768791e+02  -2.5283763e+02
  -2.1117942e+02   7.3608925e+01
   2.3868661e+02  -2.8130246e+02
   2.8120600e+02  -9.9338143e+01
   3.4567360e+02  -3.7412378e+02
   3.8844203e+02   2.6944802e+02
   3.7644266e+01   2.4198414e+02
  -2.0001839e+02   3.4989936e+02
   4.1123864e+02  -7.4757780e+01
  -4.1051463e+02  -3.6569621e+02
  -3.1793743e+02  -2.6829175e+02
   3.6786838e+02  -2.9579792e+01
   1.8581815e+02  -7.4488343e+01
   4.7617065e+02   1.2275037e+02
  -4.9877046e+02   4.7433111e+02
  -2.7310786e+02  -4.5631516e+02
  -4.3807782e+02   2.8136838e+02
   4.2188684e+02   1.9949251e+02
  -4.2492835e+02  -1.2429740e+02
   1.0569991e+01   4.6066440e+02
  -1.5858985e+02   2.8934527e+01
   2.0474869e+02   3.5698524e+02
   5.2361586e+02  -2.6661497e+02
   4.7865787e+02   3.1717867e+02
   5.2779923e+01   3.6292548e+00
   4.5769002e+02   3.0769259e+02
  -3.0917937e+02  -4.9021610e+02
  -7.1632104e+01   3.9168688e+02
   3.3041297e+02  -3.6002625e+02
   2.2971996e+01  -8.3019539e+01
   4.7551925e+02  -9.4878068e+01
  -4.6286588e+02  -6.7733729e+01
  -4.1473516e+02   2.3356727e+02
  -3.1138299e+02   1.7715634e+02
   2.7419947e+02  -3.3753983e+02
  -2.5035262e+02  -1.0072671e+02
  -3.4397438e+02  -3.9465499e+02
  -2.8749185e+02  -4.5690351e+02
  -1.8531139e+02  -2.0645332e+02
   4.5082120e+02  -7.0106431e+01
   8.2200382e+01   3.3275224e+02
   3.6003527e+02   8.8687024e+01
   4.7574956e+02  -5.0052249e+02
   9.3341127e+01   6.2498636e+01
   4.4679432e+02  -4.5537479e+01
  -2.4938724e+02  -3.6455274e+00
   1.8987386e+02  -2.8589790e+02
  -4.6374678e+01  -4.6175957e+02
   3.6450361e+02   2.0326335e+02
   4.5678431e+02  -4.4537192e+02
   2.4368893e+02  -2.6797822e+02
   4.6199422e+02   3.8677240e+02
  -2.5017197e+02  -3.1075784e+02
   5.0340156e+02  -4.4806894e+02
  -3.9906307e+02   1.1846397e+02
  -4.4586360e+02  -4.3915921e+02
  -2.4188945e+02  -4.6241337e+02
   2.3509503e+02  -4.9188280e+02
  -2.5838933e+01  -1.3011319e+01
  -1.1602313e+02   3.5588951e+01
  -3.8197508e+02  -2.2666541e+02
   1.8535249e+02   2.8857850e+02
   2.8760154e+01  -1.1346727e+02
   2.7284396e+02   2.4836372e+02
   5.1679567e+01  -3.6354426e+02
  -5.0590661e+01   1.8724764e+02
  -1.0185540e+02   1.1747886e+01
   2.9749645e+02  -2.5216177e+01
   1.2606010e+02   4.6987416e+02
  -1.6979097e+02   9.0194329e+01
   3.4992125e+02   1.6602820e+02
  -2.7036866e+02  -1.3160073e+02
   4.0447331e+02  -4.0728979e+02
   9.4510484e+01   3.9276938e+02
