  -2.8385085e+02  -2.1902813e+02
   1.9732348e+02  -2.7181469e+02
  -2.8509475e+02   3.1552725e+02
   6.5513795e+01   4.8540138e+02
   2.8690116e+02  -3.7388236e+01
  -3.8126645e+01   8.6782688e+01
   2.9127449e+02  -3.8517911e+02
  -1.9096758e+02  -4.1788262e+02
   3.3688089e+02  -4.5588305e+01
   4.4863536e+02  -4.9448898e+02
  -3.8925229e+02   2.7803970e+01
  -5.1725775e+01  -4.1527853e+02
  -4.1452234e+02   2.2364006e+02
   1.9057849e+02  -2.3671895e+02
   2.9611825e+02  -3.1240918e+02
  -4.8866327e+02   3.1651513e+02
   2.7033862e+01   1.0714550e+02
  -4.9821613e+01  -5.8832059e+00
  -4.6145084e+02   3.0455653e+02
   4.7108686e+02   3.5673300e+02
  -3.4774433e+02  -2.6809940e+02
  -1.6590547e+02  -2.0900702e+02
   2.4107648e+02  -4.6191772e+01
  -1.0320699e+02   1.5795540e+02
  -1.8704815e+02   2.1346096e+02
   6.6649169e+00   5.9705694e+01
   3.6613780e+02   1.2524798e+02
   9.2383208e+01   2.5217114e+02
  -2.9785819e+01   3.4446047e+02
  -4.3102267e+02  -4.4718653e+02
   1.8051764e+02   1.0143925e+02
   4.0220437e+02  -3.1778480e+02
  -4.8486354e+02  -3.9825172e+02
   4.9339652e+02  -3.8077491e+02
   4.2445122e+02   8.5561836e+00
   2.8245346e+02   1.8034610e+02
   3.0445035e+02   1.9770176e+02
  -3.2495195e+02  -7.8703890e+01
  -2.9874635e+02   1.8103993e+02
   1.1192334e+02  -4.6794368e+02
  -3.5813165e+02   1.5376244e+02
  -3.4035218e+02  -1.6161386e+02
   4.0550736e+02  -2.3887144e+02
   1.4761197e+01  -3.0527295e+02
  -2.5435269e+02   4.3507583e+01
  -4.5860841e+02   4.3353254e+02
   4.9714894e+02  -4.2933998e+02
   4.3764997e+02   3.4621060e+02
  -2.8760135e+02  -4.3416545e+02
   4.6194482e+02   1.5933842e+02
   9.6349626e+01  -9.6011510e+00
  -4.5297332e+02  -4.6499664e+02
   1.9837287e+02   1.0461739e+02
   1.4906618e+02   1.4108453e+02
   3.0802857e+02   4.1209153e+02
  -1.8753348e+02   2.2882491e+02
   4.1115670e+02  -1.8844246e+02
  -6.6724180e+01   1.2023820e+02
  -5.0038884e+02   2.5208917e+02
  -3.7864392e+02   2.4415083e+02
  -4.0548635e+02  -4.1491912e+02
   8.4808919e+01  -1.9019074e+01
  -1.7755990e+02   3.4525961e+02
   5.1144409e+02  -5.1758627e+01
   3.3897203e+01  -4.2712401e+02
  -8.2815054e+01  -2.3133156e+02
   1.6093051e+02  -4.0178284e+02
   3.7583924e+02  -4.7712544e+02
  -8.0587340e+01  -2.2541768e+01
  -2.6130479e+02  -2.1282727e+02
  -1.3195359e+02   3.9495755e+01
  -2.9724234e+02  -2.0862777e+02
   2.3110205e+02  -4.8941752e+02
  -3.6954332e+02  -2.1662919e+02
  -3.2886397e+01   4.0584437e+02
   7.1061957e+01  -4.5000307e+02
  -3.8081666e+02   1.0619267e+02
  -4.5252598e+02   5.8330551e+01
  -8.1934188e+01   2.9402332e+02
  -8.9651782e+01   8.0293834e+00
  -4.3420485e+01   3.7323910e+02
  -1.8187316e+02  -2.7641536e+02
   1.4194360e+01  -8.8203988e+01
  -4.5966153e+02  -1.6950676e+02
  -4.2203891e+02   4.6087988e+02
   1.3668103e+01  -3.6275142e+02
  -4.0337407e+02   3.0325277e+02
  -3.0171186e+02   3.0111697e+02
  -4.0025337e+02   8.9513904e+00
  -1.0320659e+02   3.5295486e+02
   3.5753668e+02   2.6405885e+02
   1.2822818e+02  -3.0384542e+02
   7.3531910e+01  -3.2439823e+02
  -5.9533260e+01   3.2686999e+01
  -2.1318352e+02  -5.0782887e+02
  -3.8472831e+02  -6.6248291e+01
  -1.8021182e+02   7.9261210e+01
   2.0506299e+02  -1.1856978e+02
   3.2573698e+02  -1.9569284e+02
   4.2095340e+02  -4.2800989e+01
  -4.7316549e+02  -2.9339775e+02
   3.2700139e+00  -4.5488387e+02
   4.4674182e+02  -4.6217249e+02
   3.1165432e+02  -1.9300291e+02
   1.8507272e+02   1.9075517e+02
   3.9181938e+02  -1.4886927e+02
   5.0049455e+02  -2.1586245e+02
   4.0844327e+02  -1.2460237e+02
   4.7360036e+02   1.0415393e+02
   4.0458443e-01  -1.6429017e+02
   1.2143356e+02  -3.5940569e+02
  -1.3008099e+02  -3.5485693e+02
  -1.1899045e+02  -2.8735401e+02
   2.1686033e+02  -3.4625996e+02
   1.5884965e+02  -3.5369913e+02
   2.0784188e+02   2.8324685e+02
   3.8519400e+02   3.5313401e+02
  -3.6729353e+02   1.4213161e+02
  -2.7824205e+02   1.2910187e+02
   3.6274855e+00   2.7811745e+02
   2.5083330e+02   1.2756709e+02
  -3.0596638e+02   4.2911270e+02
  -2.0892907e+01   3.9262689e+02
   5.3709183e+01  -3.8284448e+02
  -4.1938144e+02   2.6559945e+02
   2.0297776e+02   3.3006543e+02
   9.6285915e+01  -4.1693188e+02
   2.7156233e+01  -2.4484246e+00
  -2.6408012e+02   2.5846869e+02
   2.0024283e+02  -2.4917985e+02
   1.0215216e+02  -3.9468037e+02
  -3.2623432e+02  -3.9865556e+02
   1.6112665e+01  -4.8837482e+02
   2.2035115e+02   3.6270664e+02
  -3.7128154e+02   1.7918581e+02
  -4.4408992e+02  -5.1046059e+02
   6.4481394e+01   2.8445832e+02
   3.8127989e+02  -1.8788694e+00
  -2.2422971e+02  -4.8086294e+02
  -2.1893651e+02  -3.9800913e+02
   1.3486157e+02  -1.5940415e+02
  -4.1206550e+02  -3.6713922e+02
  -1.3935759e+02  -2.6627083e+02
  -3.8443229e+02   4.8334726e+01
   3.2402337e+02   1.8987588e+01
   4.3829086e+02   4.7677467e+02
   3.0109150e+02   8.9574803e+01
  -4.1699398e+02  -3.5004940e+01
   5.0437116e+02   8.3392947e-01
   2.1386911e+02  -4.4281825e+02
   4.1790868e+02  -2.8397303e+01
   2.7489649e+02   1.4094462e+02
  -2.3862758e+02   1.9473196e+02
  -2.2076767e+02   1.2843544e+01
  -3.6765253e+02   1.9328770e+02
  -4.4212837e+02   3.1129955e+02
   5.5357386e+01   4.5282578e+02
  -5.0050987e+01  -3.5125697e+02
  -3.2578160e+02  -1.4651231e+02
  -2.4269017e+02   2.2474679e+02
   2.5633635e+02   1.6093630e+02
  -1.3838331e+02   7.2494984e+01
  -2.9667557e+02  -4.1581455e+02
  -3.4226513e+02   8.1634544e+01
   1.5088273e+02   4.1156602e+02
  -3.4737767e+02  -1.1509641e+02
  -5.0322101e+02   2.3355327e+02
   2.3096806e+02  -2.3132462e+02
  -4.0006595e+02   3.3246543e+02
  -4.3695622e+02   1.8752590e+02
   1.4308414e+02   3.4935448e+02
   3.4587501e+02  -2.4954499e+02
   4.4698712e+02   1.5833654e+02
  -6.4506086e+01  -7.3404420e+00
  -5.0217139e+02  -2.0658543e+02
   3.7836021e+02  -4.3515270e+02
  -3.5027139e+02   2.4320803e+02
  -4.5250898e+02   4.7264716e+02
  -2.4188550e+02   3.7268203e+02
   2.5831016e+02  -1.7980748e+02
  -2.7203837e+02  -4.6553839e+02
  -4.0891407e+02  -1.8079375e+02
   1.6028883e+02  -8.1269162e+01
  -5.2041083e+02   4.1936233e+02
  -3.1010417e+02  -2.4812058e+02
   8.1236372e+01   4.1564048e+02
   4.5154188e+02   4.6831720e+02
   1.6763212e+02   1.8958760e+02
   3.8478542e+02  -3.9045145e+02
  -4.4130698e+02  -4.1155059e+02
   2.0092053e+02   3.5336738e+02
  -4.4528534e+02  -3.7372995e+02
  -3.1804688e+02  -1.0681993e+02
   3.4836081e+02   4.6728905e+02
  -4.7488562e+02  -4.3323552e+01
  -1.4265034e+01  -4.1649397e+02
   3.5640465e+01   1.8808762e+02
   4.5010654e+02   4.9054435e+02
  -3.3864738e+02   2.0497757e+02
  -1.5861896e+02   1.4048903e+02
  -1.6918596e+02   3.1808557e+01
   3.4857735e+00   3.9100104e+01
  -1.8284436e+02  -1.6175190e+02
  -4.4914129e+02  -2.1130711e+02
  -2.8192782e+02  -3.3475743e+02
   4.9197577e+02   3.7909860e+02
   1.0838862e+02   6.6914681e+01
  -5.0633891e+02   4.2965443e+02
   3.1904783e+02  -5.0710003e+02
   3.9440400e+01   3.7433998e+01
   4.6334089e+02   1.8792200e+02
  -5.0298953e+02   3.3680932e+00
  -3.6866439e+02  -3.1011178e+02
   1.8405254e+02   2.8995476e+02
   1.2673557e+02  -9.3440551e+01
  -7.6256573e+00   3.8518284e+02
   2.5080672e+02  -3.8160381e+02
   2.0304441e+02  -1.6465438e+02
  -1.3243522e+02   2.5565492e+02
  -4.6877674e+02   9.6571070e+00
  -2.7175915e+02  -8.5270343e+01
   1.7947371e+02  -1.4836270e+02
   9.0769247e+01  -2.4583020e+02
   7.9205957e+01   1.1573616e+02
   9.5281363e+01  -1.5833587e+02
  -8.1794618e+00  -4.0287454e+02
   2.2194417e+02   1.4759743e+02
  -2.9189221e+02   1.0321491e+02
   4.0252233e+02   2.0395443e+02
  -4.5848788e+02  -3.7574200e+01
  -3.8067236e+02   1.5121775e+00
   1.7554790e+02  -6.0869913e+01
  -2.9311693e+02  -2.5598447e+02
  -1.2412032e+01  -4.9241584e+02
   5.1398391e+02  -3.8078085e+02
  -4.5356591e+02   4.8869992e+02
   2.4886271e+02  -2.4435783e+02
   1.3031970e+02  -2.0051000e+02
   9.4000680e+01   3.5567467e+01
  -2.1933782e+02  -2.0000152e+02
   4.3062143e+02   1.5796812e+02
  -4.8540886e+02  -1.3624643e+02
   3.0269562e+02   1.2007676e+02
   1.9523554e+02  -2.1357715e+02
  -2.7367475e+02  -3.1171411e+02
   1.6402831e+02   3.1460048e+02
   4.5722583e+02  -1.4962009e+02
  -2.2020637e+01  -5.6716936e+01
  -1.8238909e+01   4.0730894e+02
  -5.7143013e+01  -4.7760573e+02
   1.6133208e+02   5.9623649e+00
  -2.1366056e+02   3.2553222e+02
   1.9520901e+02   2.3406382e+02
  -4.2459220e+02   4.2849683e+02
   1.2116254e+02  -3.3530360e+02
   2.1998441e+02  -9.4000059e+01
  -4.2434202e+01  -4.5313506e+02
   2.9632831e+02   4.8395065e+01
   1.4404882e+02   3.9021917e+02
  -2.1589598e+02  -2.5163012e+02
   4.7315295e+02   2.5147661e+02
   3.3994046e+02  -1.9826321e+02
   4.8693674e+02   6.8578609e+01
   3.5953875e+02   1.8145325e+02
  -4.3455090e+02  -1.1307991e+02
  -2.3282579e+02   4.9160723e+02
   2.8200917e+02   4.8512042e+01
   6.7574518e+01   3.9883402e+02
   3.1516902e+02   1.2813649e+02
  -2.2950003e+02  -3.2667066e+02
  -9.9314076e+01   3.3226812e+02
  -1.9897015e+02   1.0100286e+02
   3.4222701e+02   4.4430698e+02
  -2.0120825e+02  -1.2561720e+02
   2.4892396e+01   1.7852564e+02
  -4.2952091e+02  -2.6947353e+01
  -2.0527984e+02   4.3129407e+02
  -4.4251450e+02  -1.1979437e-01
   2.5926957e+02   2.0159458e+02
   2.2804660e+02   2.6556206e+02
  -4.0337254e+02  -2.5811258e+02
  -3.5313191e+02   1.9484832e+02
  -1.9830413e+02   4.9526885e+02
   2.6784259e+01  -1.5263809e+02
  -9.7861079e+01   6.0054106e+01
  -1.5071763e+02   1.7037563e+02
  -1.8118512e+02   6.4419058e+01
   9.6628179e+01  -2.2499765e+02
  -2.2839817e+02   1.4543434e+02
   2.7006483e+02   2.7851948e+01
  -4.6982803e+02   4.0684255e+02
   2.7970336e+02  -1.8072690e+02
  -1.9053914e+02  -3.8897795e+02
   5.0215078e+02   3.5983384e+02
  -4.6987786e+02  -1.2495272e+02
   3.6420082e+02  -1.8088467e+02
   1.9645896e+02   1.3216287e+02
  -3.6897785e+02  -4.2492449e+01
  -4.0438556e+02   3.8071405e+02
  -4.6613367e+02   3.8619778e+02
   4.0972380e+02   6.3974966e+00
   2.7482264e+02  -1.5774058e+02
   3.7467808e+02  -2.4894119e+02
   8.2886711e+01   3.2166829e+02
   3.5951797e+02  -4.0935650e+02
  -4.7591227e+01  -1.5145112e+02
   3.2567397e+01   3.2391292e+02
   3.5808003e+01  -3.3084115e+01
  -3.4872299e+02   2.1588650e+02
   1.6063027e+02   1.0508657e+02
  -3.9793642e+02   2.6311328e+02
  -2.9256140e+02   4.2244377e+02
   2.9777506e+02  -2.7111731e+01
   4.0736393e+01   1.4151887e+02
  -2.4403586e+02  -4.6211067e+02
  -2.5459516e+02  -1.9961639e+02
  -1.3534641e+02   4.2393658e+02
  -3.4684036e+02   1.8188876e+02
  -3.8869871e+02   1.3529217e+02
  -5.5160933e+01   1.0831775e+02
  -2.2877958e+02  -2.5867477e+02
  -1.1195152e+02   1.8417087e+02
  -7.5567572e+01  -1.4752188e+02
  -6.7747906e+01  -9.1643703e+01
   4.2792267e+02  -8.9975583e+01
  -9.7798656e+01  -4.6090819e+01
   9.5315198e+01  -4.9094840e+02
   1.4846005e+02   2.9897868e+02
  -4.9072246e+02   1.4487014e+01
  -2.2904989e+02   3.4018901e+01
   2.1266817e+02   5.0090724e+02
  -3.8406478e+02  -4.6512844e+02
  -7.6345417e+01   8.7036988e+01
  -1.3963417e+02  -7.9876754e+01
   3.7734667e+02  -4.2026100e+02
  -3.7224425e+02  -4.0060904e+02
   2.5662736e-01  -3.4761415e+02
  -4.1367766e+02  -3.3995381e+02
  -2.4092233e+02  -2.1626077e+02
  -3.4338440e+02   2.9833892e+02
   2.2507665e+02   1.7533224e+02
  -3.3090126e+02  -3.3582953e+02
  -8.9971322e+00  -1.4443101e+02
   2.6282591e+01   1.9941929e+02
  -1.8040391e+02  -4.0751302e+02
   9.7680469e+01  -1.4128739e+02
   2.3987005e+02   8.4609031e+01
   1.2736257e+02  -4.5401066e+02
   3.8232791e+02   3.2585494e+01
  -3.7933960e+02   4.4219555e+02
   2.7735747e+02   2.4081441e+02
   2.5254688e+01   8.9023513e+01
  -8.6297299e+01   3.1555234e+02
  -2.7793735e+02  -1.4245434e+02
  -3.9866399e+02   1.7218610e+02
  -1.2520140e+02  -1.0411819e+02
   2.3994268e+02   3.3687468e+02
  -1.5542130e+02   3.4792046e+02
   4.5915798e+02  -8.0312220e+01
   2.9635581e+02   4.8112535e+02
  -2.5654031e+02  -3.8225227e+02
   3.2707823e+02   1.1008370e+02
   4.5487127e+02  -3.4488355e+02
   2.6293429e+02  -1.3165781e+02
  -4.7612291e+02   1.4392264e+02
  -2.3328094e+02   2.6270954e+02
  -1.8719526e+02   1.7408173e+02
  -3.2243333e+02  -1.6078382e+02
  -3.2221743e+02  -3.5600797e+02
  -4.2873519e+02  -3.2663831e+02
  -2.3374565e+02  -2.0330370e+02
   1.6510315e+02   4.0795892e+02
  -3.1573916e+02  -1.8896952e+01
  -3.1746197e+02  -3.4206916e+02
   2.7706937e+02  -1.2786651e+02
   2.3688968e+02  -2.5337322e+02
  -3.1491260e+02  -1.9664240e+02
  -3.4576046e+01  -2.4971500e+02
   5.7553264e+01   2.4332117e+02
  -2.8514146e+02   2.8827748e+02
  -2.6432188e+02   3.9987334e+02
  -4.6167256e+02   3.0710720e+01
   8.3056641e+01   1.5633022e+02
   2.7059972e+01   3.0652445e+02
   4.3398821e+02  -4.2219650e+02
   5.5594172e+01   1.2867504e+02
  -3.2430963e+02   2.0124939e+02
   4.0518003e+02   1.2000176e+02
   6.3930507e+01   1.1683925e+02
   2.9283408e+02  -7.2831848e+01
  -1.6781838e+02   2.3763477e+02
  -1.2973034e+02   1.9860912e+02
   3.5424485e+02  -1.3588416e+02
  -2.9632715e+02  -3.3805232e+02
   7.8918978e+01   3.0149019e+00
  -1.3649547e+02  -4.8921236e+02
   9.4077371e+01   3.8624655e+02
  -1.3081319e+01  -1.5855668e+02
  -3.9542556e+02  -1.7734955e+01
  -3.6848370e+02   3.5324419e+02
   2.1048997e+02  -1.0498175e+02
   6.2890052e+01  -1.0641172e+02
   3.6351526e+01  -3.9749172e+02
  -2.6023381e+02  -7.2850635e+00
   2.3729461e+02  -6.2540725e+01
  -1.4225063e+02   2.4523425e+02
  -5.0123344e+00   3.5857938e+02
  -1.0174858e+02  -6.0324538e+01
   3.2423033e+02  -2.9253276e+02
   4.0034359e+02   7.8321772e+01
   4.1240789e+02   4.5131228e+02
  -2.4090027e+02  -3.9478483e+02
  -2.7917291e+02   5.6665429e+01
   9.9085617e+01  -3.0211960e+02
  -2.3083244e+02  -4.0909544e+02
   2.5958473e+01  -3.1485085e+02
  -4.5436858e+02   2.9196819e+02
   7.1005492e+01  -3.6932761e+01
   1.4217091e+02   3.6402782e+02
  -9.8059533e+01  -9.1743117e+01
   4.2872134e+02   4.4947356e+02
  -9.5661969e+01   3.7267243e+02
   3.4043015e+02   3.0705673e+02
  -2.6813810e+02   2.1489824e+02
  -4.9181349e+02   1.6087856e+02
   3.3405633e+02  -2.6775649e+02
   2.9050223e+02  -4.2303266e+02
  -8.1817493e+01   4.1462498e+02
   4.7404374e+02  -6.9068341e+01
   4.3894194e+02   6.9457047e+01
  -8.4203057e+01   3.6300639e+02
   3.2839353e+02  -4.3695750e+02
   8.0077868e+01  -6.2869066e+01
   2.8844158e+02   2.2826668e+02
   6.8628617e+01  -2.0628961e+02
   8.3247446e+01   1.7738273e+02
  -8.6819785e+00   4.9681771e+02
   1.7050268e+01   4.9647521e+02
  -3.0024807e+02  -3.0892973e+02
  -4.8656331e+02   2.5782442e+02
  -1.6760859e+02   4.0793395e+02
   6.5285497e+01   3.1007802e+02
  -3.2508324e+02   1.1181906e+02
  -3.0387723e+02  -7.4948979e+01
  -4.9337892e+02  -7.4112725e+01
  -3.1364212e+02  -3.3677695e+01
   2.9035952e+02   1.9297384e+02
   3.5143782e+02   6.2644465e+01
   3.9661019e+02  -1.3379269e+02
  -2.4665000e+02   1.0553943e+02
  -4.7054225e+02   2.2039400e+02
   4.4066502e+02  -1.8659518e+02
   2.3758477e+02  -8.2304916e+01
  -3.2399576e+02   1.3349943e+02
  -3.4938685e+02  -2.2504240e+02
   4.2935131e+02  -3.1274602e+02
  -3.9298336e+02  -3.2095504e+02
  -9.0442271e+01   4.4414275e+02
  -3.4436631e+02   9.0235072e+00
   5.0860043e+01   2.7867086e+02
  -1.1327244e+02   4.5056707e+02
   4.4766177e+02   2.6536475e+02
   1.7131391e+00  -2.0449087e+02
  -1.5296169e+02   6.9521467e+01
  -1.6900535e+02  -3.7072239e+02
   5.3931713e+01   3.9354907e+02
  -4.9725371e+01   4.5304484e+02
   1.8640427e+02   4.2521740e+00
   9.4378822e+01  -5.4424081e+01
   2.5388422e+02   5.9882299e+01
   3.1106940e+02  -3.9357534e+02
  -2.7791885e+02   2.5402118e+02
  -3.4150117e+01   1.0772812e+02
   1.7917696e+02  -2.6065808e+02
  -1.4124219e+02   4.9915106e+02
  -2.9263959e+02  -3.9386109e+02
  -3.7800382e+02   9.0071059e+01
  -1.5676684e+02   2.4763725e+02
  -1.0368685e+02   4.6327277e+01
  -3.9618101e+02   7.7434091e+01
   2.2326156e+02   3.7114128e+01
  -3.7185383e+02   4.7842571e+02
  -3.9372347e+02  -2.9793967e+02
  -1.0007528e+02  -1.8283127e+02
  -3.4277421e+02  -3.6394348e+02
  -7.5791060e+01  -1.9751983e+02
   2.1536963e+02   2.4245135e+02
   2.7607504e+02  -3.6867780e+02
  -2.6917576e+02   3.3247797e+02
   2.1433407e+02   3.9751296e+02
  -3.3991001e+02   2.6208166e+02
  -3.1410941e+02   2.4808015e+02
  -2.6905374e+02   3.8542181e+02
  -1.2678127e+02   3.2537837e+02
   6.7242891e+01  -3.6172584e+02
   2.3759270e+02  -4.6788977e+02
   2.5124692e+02   3.0217302e+02
   3.4907704e+02  -4.9459276e+02
  -4.5353389e+02   9.9820690e+00
  -3.3566543e+02   2.4812469e+02
  -4.9332788e+02  -4.4764185e+01
  -1.6654091e+02  -1.3048771e+01
   3.6663571e+01  -9.7615228e+01
  -3.4357726e+01  -3.0524849e+02
  -1.8673303e+02  -1.2809465e+02
   3.7817497e+02   1.4280471e+02
   8.0979430e+01  -4.8004980e+01
  -3.2018567e+02   4.8532267e+01
   9.4647142e+01  -3.5543169e+02
   4.8431816e+02   3.7555644e+01
   2.9201796e+02   1.0998071e+02
   4.3428430e+01   5.9686889e+01
   3.0327121e+02   1.6704762e+01
  -4.1331520e+02   1.5616342e+02
   3.4446012e+02   1.3295447e+02
  -1.4099808e+02   1.2826807e+02
  -1.3576481e+02   2.1195080e+02
   1.1615102e+02  -2.7108697e+02
  -2.5653812e+02   7.3502062e+01
   1.0770753e+02   4.0181891e+01
   4.8300467e+02   3.6708808e+02
   4.1628516e+01   1.1609311e+01
   5.3902103e+01   4.2404828e+02
  -4.7120523e+02   1.2959931e+02
  -3.5942776e+02  -3.8735676e+02
  -1.2406466e+02  -3.1005273e+02
  -3.6098092e+02   4.0597994e+02
   4.6211938e+02   6.5876274e+01
  -4.0948498e+02  -2.1157088e+02
   1.3088318e+02  -8.9715077e+00
   4.7963102e+01  -2.0634579e+02
  -3.0265310e+02  -4.6087999e+02
  -4.6513412e+02  -2.3392660e+01
   3.5365347e+02   2.8758174e+02
   6.2468851e+01  -5.0876814e+02
  -4.0211247e+02  -3.0863225e+01
  -3.0607533e+02  -6.6678699e+00
  -1.4481175e+02   4.0526926e+02
   3.1531998e+02   8.5079829e+01
  -1.1905322e+02   2.4916689e+02
   2.5052101e+02  -6.8857152e+01
   4.2042942e+02  -1.9994468e+02
  -4.1904723e+02   1.4851882e+01
   4.5080718e+02  -3.3091156e+02
   2.7249721e+02   4.5498387e+02
   3.2266206e+02   4.1613658e+02
   6.2193774e+01  -3.0568048e+02
   1.0868931e+01   9.1815324e+01
  -4.9819035e+02   4.1687517e+02
  -3.6868835e+02  -4.2782137e+02
  -6.8558387e+01  -3.0711998e+02
  -3.7318943e+02   1.6436129e+02
  -1.0551738e+02  -4.7985719e+02
  -3.3729831e+02   6.1245619e+01
   2.0508449e+02  -6.1797245e+01
   4.7338612e+02  -4.8540224e+02
   7.2814009e+01  -1.7490752e+02
   7.4072742e+00   1.8805729e+02
  -7.6438166e+01   5.5606190e+01
  -3.4521627e+02  -5.8620414e+01
   4.9591116e+02  -4.9182292e+02
   9.5462851e+01  -3.7021418e+02
  -2.3312526e+02   3.5813589e+02
  -2.9099096e+02   4.8064750e+02
   2.4005329e+02  -3.9916222e+02
   3.0091683e+02   2.1938272e+02
  -3.5668149e+02   3.1343966e+02
   1.8312664e+02   4.6267469e+02
   1.5338113e+02   2.6701959e+02
  -1.4941110e+02  -5.0957617e+02
  -2.0395631e+02  -3.7746022e+02
  -4.0775268e+02  -8.8935841e+00
   3.1384100e+01   1.6656685e+02
   3.8743467e+02   3.3833153e+02
   1.0270006e+02  -9.7330787e+01
  -2.3023371e+02   2.3243579e+02
  -1.3197499e+01  -9.7333294e+01
   4.8770864e+02  -2.8398062e+02
   4.7037109e+02  -3.9986214e+02
   2.3115416e+02  -1.7725937e+02
   1.1419770e+02  -2.8581106e+02
  -4.2384754e+02  -3.7671615e+02
  -9.7153868e+01   7.4809119e+01
   2.2955598e+01   2.2678686e+02
   1.3766612e+02  -3.8436268e+02
   1.7932266e+01  -2.9012433e+02
   2.8927667e+02   3.9268606e+02
  -4.9425642e+02  -2.9793291e+01
   4.8257582e+02   9.1609709e+01
  -1.7372223e+02  -3.0917142e+02
  -6.6676841e+01  -3.3821562e+02
  -3.6505056e+02  -4.1343927e+02
   1.9871118e+01   2.8159856e+01
   4.3294578e+02   5.5428040e+01
   1.4614441e+01   2.9631506e+02
   4.8974349e+02  -4.6709833e+01
   1.3345966e+02  -1.3545956e+02
  -3.0759180e+02  -3.5338416e+02
  -7.1363093e+01  -1.1849427e+02
  -2.6578855e+02  -2.1295582e+01
   1.4752844e+02  -2.4136618e+02
  -1.5602477e+01   5.9770984e+01
   4.3388741e+02  -1.7211309e+02
  -2.2150372e+02  -1.2177842e+02
  -4.8792804e+02   4.6824133e+02
   3.3772329e+01   4.9494077e+02
  -3.1821085e+02  -1.3395961e+02
   1.5137276e+01  -1.1915606e+02
   2.6053601e+02   3.4483508e+02
  -6.7224482e+01   4.9111432e+02
  -5.1044617e+01   2.8637052e+02
  -3.6459961e+02  -4.4197826e+02
   1.9337575e+02   3.9250576e+01
   1.7663734e+02   6.4245109e+01
   5.0384430e+02   1.8398125e+01
   2.3317645e+02   4.9312807e+02
   2.0182224e+02  -2.2687084e+02
  -1.5141057e+02  -4.8974260e+02
  -4.0428030e+02  -4.3667169e+02
   3.9388134e+02   2.5963189e+02
   4.9775785e+01  -9.0392727e+01
   3.1776423e+02  -3.1144723e+02
   1.7305381e+02   2.4891644e+02
  -3.3775369e+02   4.3999485e+02
   3.7210094e+02   3.9728516e+02
   5.0082373e+02   2.8547490e+02
   2.8620939e+02  -3.3827197e+02
   1.7452196e+02   3.5557638e+02
   4.1573433e+02   4.8036940e+02
   7.4184574e+01   4.6520730e+02
  -2.8424626e+01  -2.0776650e+02
  -4.8695933e+02   2.8212050e+02
   8.6936446e+01   1.4194358e+02
  -4.2710824e+02  -2.2269135e+02
   4.6628254e+01  -4.7405009e+02
  -2.0963478e+02  -1.4535190e+02
   3.3131683e+02  -3.8008718e+02
   4.9631340e+02  -6.8135550e+01
  -4.5019301e+02   1.2452559e+02
  -2.9577265e+02  -3.2327941e+02
  -2.8153440e+02   8.0465733e+01
  -3.2071500e+02  -2.7356535e+02
   1.6537732e+02   5.0055889e+02
  -3.7149290e+02   3.7254152e+02
  -2.1501126e+02  -6.9019113e+00
   4.1639368e+02   1.4326426e+02
   3.7439991e+02   1.0001932e+02
   8.1334169e+01   3.9394594e+02
   4.7728376e+02   4.4457109e+02
   2.3037640e+02  -2.7582708e+02
   4.4651668e+01   1.6164248e+02
  -1.3870516e+02   3.1154239e+02
   1.4104295e+02   3.1971091e+02
   2.5109011e+02   1.0253502e+02
  -4.8178913e+02  -8.5374380e+01
   1.2622535e+02   4.3568239e+02
  -2.0517578e+02  -3.9225112e+02
   4.8184080e+02  -3.9044654e+02
  -2.8472373e+02  -6.4054818e+01
   1.7024749e+00  -4.4024578e+02
   1.0846060e+02  -1.8062927e+02
  -1.0989283e+02   1.2570774e+02
   1.3569838e+02  -2.6607277e+02
  -9.9336603e+01   2.1851077e+02
   3.1223074e+02  -8.4420959e+01
  -8.3646297e-01   2.9772702e+02
  -2.5973856e+01  -3.7312289e+01
   2.4929022e+02  -4.2650450e+02
   3.6671389e+02  -2.0594849e+02
  -4.0934517e+02   1.8246164e+02
  -2.7754937e+02  -5.1230251e+01
   1.5520580e+02  -2.9571196e+02
   3.3702481e+02  -4.0365525e+02
  -4.9503338e+02   4.5510818e+02
  -2.7465512e+01  -4.7862229e+02
  -1.1793432e+02  -2.3227428e+02
  -1.5231286e+02  -3.8030457e+01
  -2.0102034e+02   2.9427477e+02
   4.4617679e+02   3.9357184e+02
   9.7395827e+01  -5.0602098e+02
   2.1148687e+02   2.2812329e+02
  -3.9765037e+02  -7.3527181e+01
  -5.0762001e+01   2.2273118e+02
   2.4851747e+02  -2.6670672e+02
   4.6034727e+02  -1.8309879e+01
  -4.1392402e+02  -5.0832542e+02
  -2.3612703e+02  -1.3499671e+02
   3.5156113e+02  -3.8282899e+02
  -3.4202816e+02   3.1303091e+02
  -5.2459962e+01  -3.7925042e+02
   2.2688082e+02   1.2740620e+02
  -1.9570200e+02  -4.7565169e+02
   3.2727336e+02   2.3976010e+02
  -3.9245406e+02   4.7377391e+02
  -1.2857198e+01  -6.8197129e+01
   3.2440660e+01  -1.1190587e+02
   1.9027363e+02  -4.2331040e+02
  -4.1659472e+02   2.9696693e+02
  -4.3043967e+02  -2.4573496e+02
   9.0754001e+01   2.0697403e+02
   3.3041358e+02   2.8798882e+02
  -4.1441668e+02  -5.7045120e+01
  -3.6108305e+02  -4.7390749e+02
   3.6291387e+02   1.1092649e+02
   3.8660397e+02  -1.6288480e+02
  -3.9290309e+02   1.1473293e+02
  -4.6289431e+02   1.1663668e+02
  -8.5356049e-01  -2.8963531e+00
   1.8169578e+02  -1.3381766e+02
   1.6985786e+02   2.9351822e+02
   2.3569485e+02  -1.6316064e+02
   2.7931122e+02  -3.2494701e+02
  -1.7891978e+02   4.1759515e+02
   3.6096854e+02  -4.7602316e+02
  -3.5290112e+02  -4.0476127e+02
   3.9517578e+02  -4.0804032e+02
   6.4524939e+00  -4.0353203e+02
   1.0914976e+02  -4.9670394e+02
  -2.7827930e+02  -3.0971761e+01
   4.4860036e+02  -1.7403652e+02
  -2.7781590e+02   4.0689523e+02
   6.1354062e+01  -2.9089123e+02
   8.3497415e+01  -4.2445324e+02
   2.7751794e+02   4.3974552e+02
   4.8543323e+02   3.4119538e+02
   3.5175128e+02  -7.2757558e+00
   1.9453735e+02   4.0790687e+02
   1.4989477e+02   7.6468876e+01
  -1.0418193e+02   2.4981635e+02
   1.3497653e+02   3.7827481e+02
   1.4039936e+02   2.1371511e+01
  -3.5682199e+02  -6.8306330e+01
  -9.5503587e+01   1.9811300e+02
   2.8695338e+02  -1.6794518e+02
  -1.8892893e+02   3.7268913e+02
  -9.1448138e+01   2.2849977e+01
   2.5113913e+02   4.6918931e+02
  -2.1309461e+02   1.5072049e+02
  -4.7360613e+02   3.3845627e+02
  -2.9269985e+02   2.0247284e+02
   9.4672188e+01   1.1802810e+02
   4.6182425e+02  -2.2891963e+02
  -2.3110500e+02  -4.2654290e+02
   3.5036828e+02  -3.9767413e+02
  -5.0969647e+02   4.0733768e+02
  -2.7777009e+02   1.0790187e+02
  -2.4590348e+02   4.5772065e+02
  -3.1904158e+02  -4.1754036e+02
   1.9284682e+02  -4.4530159e+02
   1.0890733e+02  -3.5140997e+02
   4.2110775e+02  -1.4697517e+02
  -3.9867256e+02   3.6716539e+02
   2.3162102e+02  -3.0365984e+02
   4.2028333e+02  -1.1075099e+02
   2.9426534e+02  -1.4116085e+02
  -9.9522232e+01   4.5596218e+02
   5.0860354e+02   1.0599931e+02
  -4.8816027e+02   3.7588258e+02
  -4.0073662e+02  -1.1566284e+02
  -2.9764883e+02   2.8068513e+02
  -9.2845215e+01   2.3194744e+02
  -5.4315855e+01  -3.1124380e+02
   4.9717411e+02   5.3014168e+01
  -3.8776452e+02  -3.3493061e+02
  -7.0578889e+01   2.1480341e+02
   3.2679037e+02   4.5752782e+02
  -1.1668307e+02  -3.3862030e+02
  -9.0946930e+01   1.1628453e+02
  -5.0869200e+02   3.1335415e+02
   1.2836114e+02   6.2399137e+01
   1.6952920e+02  -3.8950824e+02
   3.3138768e+02   4.5593384e+01
   2.2760246e+02  -3.5643892e+02
  -3.4027854e+02   3.2781592e+02
  -1.4690087e+01  -3.4638229e+02
  -1.3300851e+02  -3.3562365e+02
   3.6119985e+02   1.6024793e+02
  -3.8853182e+02  -2.5677213e+02
   2.0387199e+02  -3.7117546e+02
   1.1220872e+02   1.4745885e+01
   1.8352174e+02  -1.9610877e+02
  -3.8263097e+02  -3.6227608e+02
  -3.0894756e+02  -3.3006168e+02
  -8.2822108e+01   1.5671477e+02
   1.9483712e+02  -8.0010638e+01
  -3.7922588e+02   3.3125319e+02
  -3.5554731e+01  -3.4877230e+02
  -4.8550195e+02   3.4720837e+02
   3.9531148e+02   2.8892812e+02
  -3.0212620e+02   2.7194519e+01
   1.3733695e+02  -2.2320864e+01
   6.2945971e+01  -1.6335788e+02
   4.6754246e+02   2.8598056e+02
  -1.9990163e+02  -5.9715032e+01
   3.7801007e+02  -7.3358714e+01
   3.7032103e+02  -3.9265906e+02
  -1.3028129e+02  -1.2173677e+01
  -3.7961647e+02  -2.2938199e+02
   3.8367659e+02   2.7949252e+02
   8.2172774e+01  -1.4107707e+02
  -4.8908531e+02   7.4727747e+01
  -1.6458885e+02  -4.2956769e+02
   2.7348747e+02   2.0513376e+02
   4.5980349e+02  -1.6431598e+02
  -2.0870417e+02   4.6984836e+02
  -9.9920291e+01   1.4380860e+02
   7.2455669e+01   2.9686373e+02
  -4.2560980e+02  -4.9796586e+02
  -3.1317743e+02  -3.9174248e+02
  -4.1441036e+02   4.1784895e+02
  -9.5199404e+00   4.2552050e+02
   1.6986583e+02   3.4151759e+02
   4.2977464e+02  -3.5121193e+02
  -1.3338523e+02   1.0009353e+02
  -1.1854939e+02  -3.7819405e+01
  -3.2498510e+02   2.3799850e+02
   3.7193079e+01   3.9859078e+02
   2.2835300e+02   4.2181121e+02
  -2.9993694e+01  -9.9079714e+01
  -3.5752502e+02   4.5765476e+02
  -4.5195205e+02   3.3894567e+02
  -2.3542388e+02  -3.6038918e+01
  -3.8738218e+02  -1.9436518e+02
   2.6385912e+02  -6.2413148e+01
  -2.4701291e+02  -4.7674841e+02
   4.4351027e+02  -3.1080854e+02
   4.8015264e+02  -3.2031436e+02
   1.7326465e+01   3.5992118e+02
   4.3825967e+02  -2.5458536e+02
  -2.3100308e+02   7.3127444e+01
  -9.3944741e+01   4.2333636e+02
  -2.8085093e+02  -2.8400426e+02
   3.2798916e+02  -4.8702960e+02
  -4.2612632e+02   2.8686741e+02
  -1.3457143e+02  -4.1266817e+02
   2.7241969e+02  -1.4298315e+02
  -4.4792936e+02   3.9982269e+02
   4.5716005e+02  -2.4286886e+02
   1.5351344e+02  -1.4140149e+02
   4.7710303e+01   1.0316640e+02
   4.6811120e+01  -2.9022113e+02
  -2.3799393e+02  -2.3709623e+02
  -3.1864755e+02  -9.1878094e+01
   4.0851907e+02  -1.0105391e+02
   3.5776661e+02   3.6313413e+02
  -3.5165921e+02  -4.4943977e+02
   4.8844239e+02   1.6900891e+02
  -3.2475301e+02   2.8150554e+02
   3.4538694e+01   4.7257178e+02
   2.3671834e+01   1.2094715e+02
   1.7649063e+02  -1.7546855e+02
   4.4713866e+02   3.7249662e+02
  -2.9061107e+02   2.6063340e+02
   1.9678879e+02   4.8831953e+02
   2.6913810e+02  -4.2036797e+02
  -8.2440910e+01   3.7955135e+02
   5.0618620e+02   9.0882859e+01
   5.0539982e+02  -2.3004784e+02
  -1.5252918e+02   3.3330741e+02
  -5.7194810e+01   4.7313078e+01
  -2.1736684e+02  -3.6087688e+02
  -1.2266759e+02   1.1899342e+02
   9.3215560e+01  -3.9552169e+01
  -6.6260812e+01  -4.9105254e+02
   4.7008753e+02   1.3866111e+02
   2.3234961e+02   4.7815651e+02
   2.4272647e+02   3.5848902e+02
   1.2589459e+01   1.0584672e+02
  -3.1837054e+02   3.9044932e+02
  -1.1813155e+02   2.8693377e+02
   1.8438466e+02   3.0771265e+02
  -1.7644887e+02   1.3019310e+02
   2.0996308e+02  -1.3228077e+02
   2.3503786e+02   1.6433911e+02
   4.0823667e+02   3.4572280e+02
  -3.6985939e+02   5.0582210e+01
  -3.0888820e+02   1.7038000e+02
  -4.8241948e+02   3.0291107e+02
  -4.6605795e+02   2.8303915e+02
  -1.2689231e+02  -2.5829413e+02
  -4.3307805e+01   5.1935903e+01
   5.9278733e+01  -3.2016127e+02
  -3.2753123e+02  -3.0113532e+02
  -4.1119349e+02   3.4213698e+02
  -9.1210769e+01   3.8152151e+01
   2.5784615e+02   2.6106538e+02
   5.0365288e+02   7.3508248e+01
  -3.3885426e+02   2.3400596e+02
  -2.1519004e+02   3.9601262e+01
  -4.4076215e+02  -1.8741043e+02
  -3.4075100e+02  -5.0387174e+02
  -2.0543104e+02  -2.0481943e+02
   4.8737197e+02  -2.4106931e+02
  -2.3838055e+02   4.4475594e+02
   1.8643119e+02   1.5026354e+02
  -1.6195938e+02   1.8742021e+02
   3.5730962e+01  -2.7240361e+02
   7.1215992e+01   4.9926252e+02
  -1.2275723e+02   6.1244821e+00
   1.7362823e+02  -3.5131315e+02
  -3.1459799e+02   7.8787665e+01
   3.7297686e+02   8.5222940e+01
  -2.1275731e+02  -4.1811641e+02
   1.0108354e+02  -1.1970478e+02
   7.3399601e+01  -1.1673978e+02
   1.8854801e+02  -1.6709268e+02
  -1.2612215e+02  -2.1989093e+02
   2.8027736e+02   3.2338993e+02
   4.1907446e+02  -3.0282182e+02
  -3.5227654e+02  -3.7483177e+02
  -3.3085682e+02   3.7217398e+02
   2.9541083e+02  -4.6423080e+02
  -3.5595990e+02  -8.7118460e+01
   4.0417615e+02   2.3334999e+02
  -2.2266093e+02  -3.4698374e+02
  -1.9521224e+02   3.8927330e+02
  -2.6588943e+01  -3.6825812e+02
   3.7041606e+02   3.5513162e+02
   1.1615255e+02   7.9324940e+01
  -3.6253611e+02  -3.5648386e+02
  -3.4034619e+02   9.6123790e+01
  -8.1000672e+01  -2.9407890e+02
  -1.7827951e+01  -2.4493030e+02
   2.5837852e+02   1.8680508e+01
   3.0011079e+02  -3.4312083e+02
  -2.4011621e+02   4.2672449e+02
   8.1382125e+00  -3.3534457e+02
   2.7850932e+01  -2.3114626e+02
  -3.8594364e+01   6.5702335e+01
   1.5071837e+02  -3.2416013e+02
  -6.2494166e+00  -3.3440609e+02
   1.1877180e+02   3.2240817e+02
  -3.0689599e+02  -4.7563861e+01
  -3.4362302e+02   3.0890279e+01
  -7.7423159e+01   4.7287695e+02
   7.4240142e+01   4.2886355e+02
  -1.8194490e+01   2.1335994e+02
  -3.2210347e+02   1.5591173e+02
  -2.6959066e+02   2.4221299e+02
  -4.4534163e+02  -4.5157878e+02
   7.8777579e+00  -4.1810651e+02
  -4.6361797e+02   7.3812614e+01
  -1.9657637e+02  -1.9309491e+02
   4.7730820e+02   2.6692592e+02
   3.5605627e+02  -5.5459280e+01
   4.8365646e+01  -4.9231259e+02
   1.9037738e+02  -5.9277238e+01
  -4.4955438e+02   7.9027940e+01
   1.8261805e+02   4.2654052e+02
   4.0467535e+02  -1.6707895e+02
   1.0709489e+02  -1.6631161e+02
  -1.2069493e+02   4.2131970e+02
  -4.8470413e+02   2.1552903e+02
   2.6357971e+02   2.2942984e+02
   1.3590507e+01   4.1347210e+02
  -7.0818378e+01  -1.3340129e+02
  -2.9211671e+02  -5.1228891e+01
  -4.6745553e+02   5.9306212e+01
   1.3273786e+02  -2.2689155e+02
  -2.4948885e+02  -5.0187235e+02
  -7.6228087e+00   4.4028934e+02
  -3.9176808e+02   3.1254235e+02
   5.0101347e+02   1.7718680e+02
   3.6355488e+02  -4.9072531e+02
  -5.4746037e+01   4.0789940e+02
  -2.6027263e+02  -2.7557875e+02
  -3.0773836e+02   1.9264508e+02
   4.3027067e+02   4.2399869e+02
  -4.0540538e+02   1.2818842e+02
  -7.6939061e+01  -3.6242299e+02
  -3.5943359e+02  -2.7730655e+02
  -2.4410009e+02  -1.5569898e+02
  -1.3662142e+02  -1.8187447e+02
   2.0863349e+02  -2.8849878e+02
  -7.5946836e+00  -2.5589786e+02
  -3.4411041e+02   4.6383513e+02
  -2.1314115e+02   5.4098865e+01
  -2.6909781e+02   2.4541653e+01
   4.5748712e+02   2.0990270e+02
   4.6274331e+02  -4.6895021e+02
   4.6250499e+02   2.4090000e+02
   4.8501396e+02  -4.7401229e+02
   3.1619083e+02  -1.3996082e+00
   2.2971937e+02  -3.1841886e+02
  -1.1533411e+02  -1.3689707e+01
  -1.4569198e+02   1.4967517e+02
  -3.9344398e+02  -1.2854396e+02
   4.7280744e+02  -4.9546841e+01
  -1.3666359e+02   1.2420104e+00
  -1.4927308e+02   4.7198386e+02
   2.8011048e+02   2.6044229e+02
   1.1695066e+01   2.0208945e+02
   3.4545095e+02  -3.4473181e+02
  -7.2825427e+01   3.5315413e+02
  -1.9297779e+02  -1.1349723e+02
  -4.1416524e+02  -4.7069675e+02
  -2.5715474e+02   3.2389535e+02
  -2.4764804e+02   2.3187718e+01
  -4.8654139e+01   1.5733416e+02
  -1.9598865e+01  -2.2419553e+02
  -1.8075902e+02  -4.5920323e+02
   1.6942855e+02  -4.7568324e+01
   6.7978463e+01  -2.2682963e+02
  -3.6726571e+02   2.7122590e+02
   4.7256913e+01   3.2117777e+02
   3.4818955e+02   1.1201063e+02
   5.1162330e+01  -3.9726281e+02
   1.5324514e+02  -2.1751800e+02
   4.7723647e+02   4.7341285e+02
  -1.8795101e+02   4.7715946e+02
  -8.8799016e+01  -1.1153468e+02
  -3.5092728e+01   2.6131076e+01
   7.8846939e+01  -4.1029245e+02
   5.1642077e+01   3.3541058e+02
   6.4005143e+01   1.6688938e+02
   7.9776740e+01   3.7796868e+01
   3.8227912e+02   2.5015729e+02
   2.7161179e+02  -7.5026853e+01
   1.4603922e+02   2.1565410e+02
  -3.4306076e+02  -1.2893306e+01
   2.7425137e+02  -4.9815480e+02
   5.0756033e+00  -2.8252608e+02
  -2.9286169e+01   2.0377371e+02
   2.6977433e+02  -3.0423494e+02
   3.7400673e+02   1.7752444e+02
   1.1489712e+02   1.7267280e+02
   3.1096762e+01   2.6801103e+02
  -4.9659582e+02  -1.5066946e+02
   2.1445657e+01  -2.6943319e+02
   3.5233292e+02   3.8788464e+02
  -2.6815909e+02  -4.4245374e+02
  -4.0652508e+01   4.8130072e+02
   1.1256503e+02   1.2771247e+02
   4.5544914e+02  -4.4209892e+02
  -4.6861573e+02  -7.1187437e+01
   3.0607293e+02  -2.6343755e+02
  -3.5695639e+02  -3.2876756e+02
  -2.8516080e+02  -1.5535965e+02
   5.0387646e+02  -4.4271057e+02
  -4.2360205e+02   3.0970660e+02
  -2.7869530e+02  -2.3933852e+02
  -2.0740487e+02  -4.3203404e+02
  -3.6830794e+02  -2.3889164e+02
  -3.0563798e+02  -1.1603039e+02
   2.2310908e+02   2.2849019e+01
  -3.0194511e+02   4.6261636e+02
   2.8943872e+02   2.7309788e+01
  -4.4725801e+02  -1.2094876e+02
   5.0269678e+02  -2.5849252e+02
   2.3105312e+01   2.4138773e+02
   2.3223296e+01   4.0255136e+02
  -5.0582738e+02  -2.5910389e+02
   4.4895058e+02  -8.6552933e+00
  -2.5775810e+01  -2.9333958e+02
   3.9484468e+02   4.8216380e+02
  -2.4176906e+02  -3.7986041e+02
   2.8755018e+02   9.5854386e+01
  -2.1586511e+02   1.9092001e+02
   6.9084667e+01   1.5306321e+02
  -1.7818957e+02   2.5025019e+02
   5.1017224e+02   1.6530793e+02
  -7.5775945e+01  -1.0423445e+02
  -4.7418450e+02  -4.6156967e+02
   2.5293321e+02  -1.1228574e+02
  -6.9366606e+01  -2.7536970e+02
  -7.8489466e+01  -4.1950471e+02
   6.2572714e+01   8.5529192e+00
   5.6646822e+01  -3.4278239e+02
  -1.0456360e+02  -3.2804854e+01
   4.0575302e+02  -4.7937149e+02
  -1.5431711e+02  -1.2118142e+02
  -4.1240816e+02  -3.0997939e+02
  -3.8574272e+02  -4.2495433e+02
   4.8995031e+02  -3.1718683e+01
  -3.5903854e+02   3.6452764e+02
  -5.0927873e+02  -9.9127064e+01
   4.4671428e+02   4.3762894e+02
   3.8303533e+02  -5.1437047e+01
  -3.4822998e+02  -3.3931998e+01
  -1.5978056e+02   4.2884053e+02
  -3.3072331e+02   5.0773896e+02
   3.0784954e+02  -1.2661260e+02
  -1.2214344e+02  -5.8968794e+01
  -2.7126160e+02   2.0063351e+02
   1.7980508e+02   4.0799432e+02
   1.5654313e+02   3.5990167e+02
   4.1851658e+02   7.4810858e+01
   3.5381808e+02  -2.1302601e+02
  -6.1487019e+01  -3.2422048e+02
   3.9089457e+02  -4.9722868e+02
   2.3429165e+02  -3.3583047e+02
  -1.9562057e+02  -4.6069043e+02
  -2.9654098e+02  -1.0224825e+02
   9.6919342e+01   1.6140378e+02
   3.9011798e+02  -3.5378583e+01
  -3.0730219e+02  -1.5735075e+02
   2.0888840e+02  -3.0344866e+02
  -3.4373217e+02  -3.2193565e+02
  -1.8933028e+02   1.1243897e+02
  -3.8436356e+02   3.6371375e+02
   1.4588365e+01   1.6853436e+02
  -1.4267638e+02  -1.9514483e+02
  -2.7559473e+02  -2.2393737e+00
  -3.5886204e+02  -1.3137650e+02
   4.4859690e+02  -1.1038239e+02
  -3.2583655e+02  -2.1512385e+02
   3.9903981e+02   3.9554767e+02
   3.3064126e+02  -2.0967619e+02
   1.1661356e+02  -1.0433029e+02
   5.0168820e+02   3.3404666e+01
  -1.7755929e+02   2.7800894e+02
  -4.3645270e+02  -1.7306043e+02
   4.5613442e+02   3.5723056e+02
   3.3714980e+02   1.9961583e+02
  -6.4977818e+01  -4.4075814e+02
  -3.7312793e+02  -3.3796682e+02
   3.3488566e+02   3.2096113e+02
  -3.0652384e+02   3.4849177e+02
  -4.1890935e+02  -3.5397336e+02
  -2.5566056e+02  -6.0119840e+01
  -3.6106843e+02   2.3309936e+02
   6.2528122e+01  -1.9282516e+02
   4.4777119e+02   5.7446866e+01
   2.7502348e+02   3.9723105e+02
  -1.1691899e+02   3.5880977e+02
   4.4702431e+02  -2.9675515e+02
  -1.3148190e+02  -1.4471167e+02
   2.3253194e+02   2.3132499e+02
   1.0089067e+02   1.4525779e+02
  -2.9451516e+02   3.3189776e+02
   1.3728527e+02  -4.1715218e+02
   4.0968774e+01   2.5670362e+02
  -9.0682761e+01  -1.2737731e+02
  -3.8161379e+02   7.5612806e+01
   8.2419858e+01  -2.8444567e+02
  -8.4758466e+01   4.5799578e+02
   2.0874240e+02   2.5571981e+02
   4.4396336e+02  -3.5527309e+02
  -3.8044131e+02  -5.1950686e+01
  -8.8580167e+01  -7.4583391e+01
  -3.5630367e+02   1.3051348e+02
  -2.7212467e+02  -1.8678136e+02
  -4.4385875e+02   4.3413321e+02
   2.4724005e+02   1.7482767e+02
  -1.9848443e+02   1.3397951e+02
  -3.5197689e+02   2.8594148e+02
   4.9958531e+02   4.1906859e+02
   2.9115102e+02   1.6534221e+02
  -4.8228920e+02   6.1362877e+01
  -4.9866506e+02  -2.7228298e+02
  -1.9301503e+02  -2.5578788e+01
   4.8409125e+02  -1.6467698e+02
   1.1416038e+02  -2.5648680e+02
   1.1057995e+02   2.1465078e+02
  -7.7115402e+01  -2.4763463e+02
   6.8761584e+01   1.9452540e+02
   8.5070783e+01  -3.0689119e+02
   1.5043096e+02  -3.6606243e+02
   3.0791131e+02  -2.2671887e+02
  -1.8468655e+02   3.5830757e+02
   1.0290224e+02  -4.3802203e+02
  -2.2378105e+02   4.5272888e+02
  -3.8575317e+02   4.1666799e+02
  -4.3492099e+02  -3.4023276e+02
   1.2014734e+01  -1.5507826e+02
   1.1847139e+02   2.6387686e+02
   1.9321610e+02  -3.3564512e+02
  -3.8788395e+02  -4.5059206e+02
  -1.6508771e+02   1.2075551e+02
   3.6658058e+02  -2.2043460e+02
  -2.6871676e+02   3.0263942e+02
  -2.5559616e+02  -3.4630873e+02
   4.1743295e+02   2.0242219e+02
   3.0358788e+02   1.7634275e+02
  -4.1513854e+02   4.3983080e+02
  -4.6220820e+02   3.6446813e+02
  -3.9427487e+02   2.2838981e+02
   2.1678903e+02  -7.9841555e+01
   3.0394601e+02  -3.7718538e+02
  -2.2736179e+02   9.7251278e+01
  -1.7708519e+02   3.3047488e+02
  -1.4489728e+02   2.7033340e+02
  -2.5731916e+02   1.3730722e+02
   3.2021007e+02   1.6927923e+02
  -7.8759849e+01   2.2726930e+02
  -1.1196939e+02   2.6220604e+02
  -4.3671291e+01  -1.1403730e+02
  -3.9469355e+02   2.7769596e+02
  -3.9226926e+00  -4.2681463e+02
  -5.0219908e+02   3.8080535e+02
  -1.9524108e+02   6.9089648e+01
  -4.6015088e+02  -2.2245870e+02
   4.5299098e+02  -2.5703688e+02
   9.7263912e+01   1.4280826e+01
   3.2273567e+02  -1.3969437e+02
   2.8303476e+02   1.1496161e+01
  -9.0760774e+01   8.8088854e+01
  -3.7141059e+02  -1.0129779e+02
  -5.9517777e+01  -1.6998721e+02
   3.3687701e+02  -1.0600335e+02
   4.0352228e+02  -2.4966228e+01
  -2.1154576e+02   4.1767288e+02
   2.0677353e+02   1.6513644e+02
   3.8521217e+02   6.2117678e+01
  -5.0674745e+02  -3.8092985e+01
  -4.7942410e+02   4.3759645e+02
   2.5670291e+01   4.3215581e+02
   3.3480272e+02  -4.5876608e+02
  -6.2220623e+01   1.5281518e+02
  -2.5170834e+02  -1.1276736e+02
   2.4110845e+02  -3.6215656e+02
  -1.3194379e+02   1.5523364e+02
  -3.6685012e+02   3.3909960e+02
   4.0220551e+01  -3.2967462e+02
   4.0063430e+02  -3.5321315e+02
   1.0140743e+02   1.8759577e+02
   3.8899029e+02  -2.4526926e+02
   4.8190863e+02   2.2853537e+01
  -2.6348402e+02  -1.4558000e+02
  -1.7550175e+02  -4.9534758e+02
   3.1315781e+02  -3.2523752e+02
  -4.4779937e+02  -1.0608965e+02
   1.2161400e+02   1.3959534e+02
   3.5715299e+02   8.4505442e+01
   3.5126686e+02   3.1718152e+02
   4.3729840e+02  -3.2490926e+02
   3.8066558e+01   2.4213241e+02
   3.3895813e+02   3.9433020e+02
  -4.2177497e+02  -9.5521642e+01
  -3.6539016e+02   4.3683489e+02
   1.1010043e+02   4.5969147e+02
   3.3121579e+02  -3.4552428e+02
   1.2790604e+02   4.7502085e+01
  -4.0598904e+02  -4.5041655e+01
  -2.4871953e+01   4.8574767e+01
  -2.8003652e+02  -1.6535017e+01
   3.4584504e+02  -5.2136509e+02
  -1.4837923e+02  -6.7249692e+01
   4.9115469e+02   3.0401830e+02
  -2.0656725e+02   1.1378906e+02
  -2.7915691e+02  -1.1375893e+02
   1.9992905e+02   3.8216980e+02
   1.0375001e+02   2.6179779e+02
   2.5414459e+02   2.4064870e+02
   4.3662849e+02  -4.0038730e+02
   6.4772929e+01  -4.1464116e+02
  -5.2013121e+00   1.1870934e+02
  -2.7497681e+02   5.0432397e+02
  -2.1978110e+02   2.5690459e+02
   1.3309936e+02   9.8831193e+01
   3.6627643e+02  -4.4353771e+02
   1.8567888e+01   3.1873669e+02
  -1.8215531e+02  -4.8191254e+02
   1.9874727e+02   1.8520493e+02
   1.8166950e+02  -4.5868691e+02
  -2.2170683e+02   1.1103585e+02
   3.7876003e+01   3.6588392e+02
  -4.0354671e+01  -4.0596263e+02
   4.2947013e+02   2.5256000e+02
   2.1075337e+02   1.3492491e+02
  -3.6387768e+02   2.9416337e+02
  -1.8215265e+02  -2.3393112e+02
  -1.2406078e+02   7.6674548e+01
  -2.5337373e+02   4.4471518e+02
   3.2014659e+02  -4.5654204e+02
   3.4099470e+02  -5.0718701e+02
   1.2865999e+02  -2.5317636e+02
   3.4257237e+02   2.6327953e+02
  -3.1387433e+02  -2.3363458e+02
  -4.8292495e+02  -4.2706163e+02
   1.4903702e+02   1.8030603e+02
   4.2372735e+02  -3.9320256e+02
   4.7639075e+02   3.0660157e+02
  -4.8502925e+02  -4.4188255e+02
  -2.0427491e+02   2.1679069e+01
  -1.7239676e+02  -1.3378043e+02
   2.1381582e+02   4.1888646e+02
   3.4677415e+02  -2.8448468e+01
   1.3232137e+02   2.1096292e+02
  -5.0489276e+02  -6.2554241e+01
   4.2135625e+02  -3.2499126e+02
  -4.2710552e+02  -3.0733157e+02
   1.7336712e+01  -1.4123972e+02
  -4.2153172e+01   3.5282146e+02
  -1.1775445e+02   5.1125186e+01
  -4.2007818e+00  -1.8985092e+01
   3.1504434e+02  -4.2492940e+02
   6.3229741e+01  -2.4051240e+02
   3.3077738e+02  -2.9433905e+00
  -1.0665861e+02   4.8603017e+02
   3.3041784e+02  -1.5237490e+02
  -3.9395659e+02   4.4411603e+02
  -4.4912817e+02   3.8864831e+01
  -3.8285085e+02  -4.1078916e+02
  -4.7775953e+02   1.6610432e+02
   1.3028140e+02   8.3274647e+01
  -4.7903002e+02   4.8029458e+02
   2.1799090e+02  -4.7107338e+02
   4.3866036e+02   2.8526243e+02
   1.1957499e+02  -1.9031295e+02
  -1.4297059e+02   5.8435544e+01
  -2.7624511e+01  -1.7097306e+02
   1.2839563e+02  -7.0977486e+01
   3.4316637e+02   3.5972549e+02
   2.3703491e+01   2.8454588e+02
   1.7190524e+02  -3.2947374e+02
  -2.4267552e+02   3.2520471e+02
  -4.8766662e+02   3.9066778e+02
  -5.1426624e+01  -4.9138515e+02
   2.4354342e+02   1.1496226e+02
   4.7002562e+02   1.3818973e+01
  -3.6055799e+02   2.0738847e+02
  -5.0716269e+01   2.0790747e+02
   2.4000135e+02   3.9522843e+02
   4.2102754e+01   3.4673445e+02
  -3.2381779e+02   3.4199052e+02
  -2.0360295e+01  -6.5145510e+00
   3.6293078e+02  -7.6046749e+01
  -3.6892802e+02   3.5902024e+01
   4.7313149e+02   3.3271392e+02
  -4.4918591e+02   3.7216976e+02
   2.8061475e+02  -2.2541919e+02
   2.6855318e+02   1.7519730e+02
  -4.1763589e+02   2.9705164e+01
  -3.8248336e+02  -1.1867359e+02
   1.9164394e+01  -4.2752591e+02
   3.4552405e+02  -2.8691268e+02
   1.0734383e+02  -6.3574220e+01
  -2.8530161e+02   1.6380359e+02
  -1.2197277e+02  -1.3322630e+02
   2.4362637e+02  -1.3220015e+02
   4.2151855e+01  -3.4449054e+02
   3.6841429e+02   1.6931208e+01
   3.0920336e+02  -4.8907222e+02
  -3.6758626e+02   7.9697610e+01
   6.7997195e+01  -4.8049369e+02
   1.6379880e+02  -3.1687629e+02
  -4.6247494e+02   2.0777203e+02
  -3.9757585e+02  -3.6261344e+02
  -1.1234237e+02  -4.1190327e+02
   1.2566935e+02  -1.4790016e+02
  -2.8988118e+02   3.8713379e+02
  -3.7933299e+02  -1.6113262e+02
   3.5361051e+02   4.7821025e+01
  -3.7626780e+01   3.2501197e+02
  -2.2897019e+02  -6.5590147e+01
   1.7137316e+02   3.8074774e+02
   1.6339004e+02  -8.6680159e+00
  -3.3160553e+02  -4.7016636e+02
  -2.7021257e+02  -3.4376469e+02
  -5.0728961e+02   4.7183197e+02
   2.9564973e+02  -4.0937711e+02
  -2.0552998e+02  -1.8243834e+01
   3.9373269e+02  -7.6477334e+01
  -2.0928403e+02   3.7376097e+02
  -2.5008434e+02  -3.7927660e+01
  -9.4203044e+01   3.0304803e+02
  -1.3428736e+02  -3.2091135e+02
   3.0925993e+02   4.2697708e+02
   4.0604708e+02  -6.6145113e+01
  -4.4629809e+02   2.4236630e+01
  -3.9891968e+02   4.5180359e+01
  -2.5748741e+02   2.2543370e+02
  -8.9085795e-01   2.5098579e+01
   1.5867273e+02   3.8848320e+02
  -4.1669288e+02  -1.4405031e+02
  -2.4561768e+02  -9.9112925e+01
  -2.4846737e+02  -3.0684075e+02
  -1.1152597e+02  -9.8202626e+01
   3.7632283e+01   2.2410664e+02
  -2.4115984e+02  -5.7458633e+01
  -3.7386732e+02   2.8400860e+02
   4.1672871e+02   2.2512611e+02
  -1.0991055e+01  -4.4765838e+02
  -3.1003926e+01   1.3483692e+02
   3.6554742e+02   2.0360704e+02
   1.6448603e+02  -4.2445670e+02
   3.6956994e+02  -4.5105268e+01
   3.0454230e+02  -5.0330196e+02
   1.2415254e+02   3.8858356e+02
   4.0813295e+02   4.9626325e+02
   3.6880159e+02   3.8317218e+01
   4.6964244e+02  -4.1575058e+02
   1.7976253e+02   1.7517237e+01
   4.2965315e+02  -3.7208122e+02
  -4.3515807e+02  -4.7115296e+02
   5.0159001e+02  -9.7142558e+01
  -7.8141231e+01   2.7271228e+02
  -6.1180021e+01   2.5886262e+02
  -2.4128639e+02   1.7969609e+02
  -3.7827473e+02  -3.2363634e+02
   1.7568211e+02  -2.3530003e+02
  -2.6290979e+02   4.7262914e+02
  -5.6342798e+01   2.7268455e+02
  -1.0932305e+02  -4.5850533e+02
   1.0457747e+02   2.3218829e+02
  -2.2108410e+02  -4.3759886e+02
  -1.2657300e+02   4.9615169e+02
   1.5028194e+02  -2.6288974e+02
   2.7994618e+02   2.9501022e+02
  -4.7939520e+02  -2.7860705e+01
   4.4520737e+02  -4.1225472e+02
   1.6405957e+02  -1.6751741e+02
   2.1240812e+02  -1.8753476e+02
   1.0206597e+02   5.3830074e+01
   1.6695570e+02  -1.9521036e+02
   2.8825863e+02   3.5964354e+02
   4.0210588e+01  -3.6000511e+02
   4.2195154e+02   4.6282850e+02
  -3.1098239e+02  -6.1954746e+01
  -1.2005286e+02   4.7932031e+02
   2.7043057e+02  -4.0342116e+02
  -6.6358602e+00   1.8875425e+02
  -2.2569685e+02   2.0217325e+02
   1.9264078e+02   2.1719771e+02
   3.6920982e+02   5.0478089e+02
  -3.6780387e+02   3.9298193e+02
   2.6673191e+02  -1.9995599e+02
   1.7421076e+02  -4.4521040e+02
  -5.1544485e+02   2.1826173e+02
   1.6803580e+02   8.9749382e+01
   4.5707792e+02   3.0246819e+01
   9.3566972e+01  -6.9243234e+01
   2.9975363e+01  -4.6245483e+02
   3.0250535e+02   3.6486164e+02
  -3.5295993e+02   1.0354596e+02
   9.4254857e+01   4.0107647e+02
  -4.8306537e+02  -3.3858761e+02
  -1.7508163e+02  -3.5055237e+02
   1.5116446e+02  -1.6894220e+01
  -6.6487364e+01   2.8419157e+02
  -1.6731413e+02  -2.7369089e+02
   1.1484111e+02   1.9373573e+02
  -1.3217160e+02   4.6106948e+02
  -4.3483650e+02  -1.2922093e+02
   3.9484287e+02   6.2901565e+00
  -3.0711907e+02  -4.0526385e+02
  -5.1627662e+02   3.6833928e+02
  -2.1857851e+02  -3.7575032e+02
   1.6627385e+02  -4.8428865e+02
  -1.8905141e+02   3.1181924e+02
   1.3171686e+01  -5.9705875e+01
  -4.8698333e+02  -2.9923357e+02
  -3.6395380e+02  -1.2767281e+01
  -9.6269243e+01  -3.0614562e+02
  -2.0821569e+02  -7.1590345e+01
   3.9811929e+02  -3.7460104e+02
  -2.2727444e+01   5.0572819e+02
  -4.3437154e+02  -3.9789907e+02
  -5.0325808e+01   9.4552055e+01
   3.6516979e+02  -2.7628362e+02
  -1.7313518e+02  -3.5920515e+01
   3.5350856e+02  -8.7511671e+01
  -3.3926414e+02  -1.4073710e+02
  -2.6085695e+02  -2.5380563e+02
   2.8647550e+01  -4.5852898e+01
  -3.2682983e+02   2.1560086e+02
  -9.3061025e+01  -1.4042622e+01
  -4.9415261e+02   4.4021834e+02
   3.5971673e+02  -1.2217083e+02
   2.0724672e+02   4.5924587e+02
  -1.9388127e+02  -5.0539822e+02
   2.4721772e+02  -1.4648034e+02
   1.4681984e+02   5.4080749e+01
  -1.8650658e+02   2.9719730e+02
  -7.7695966e+01  -5.0485110e+02
  -3.0306059e+02   6.0571030e+01
   3.1606449e+02  -3.6866461e+02
  -1.0821132e+02  -8.0930232e+01
  -1.9624547e+02  -2.9369509e+02
  -1.7184079e+02   2.6415957e+02
   3.9541195e+02  -4.5793138e+02
  -4.8254036e+02  -6.3777012e+01
   4.8109128e+02   2.9238963e+02
   5.7107923e+00  -2.1890017e+02
   3.3774322e+02  -3.6666058e+02
  -3.8183549e+02   3.9821673e+02
  -7.5939352e+01   7.0394323e+01
   1.8936236e+02  -3.5615352e+02
   1.6766724e+02   4.2603120e+02
  -9.0970534e+01   4.0254699e+02
  -4.6737583e+02   4.7096819e+02
  -4.6138153e+02   1.4134361e+02
  -3.9685161e+02   2.1379225e+02
  -1.2951107e+01  -2.6955970e+02
  -1.3393923e+02  -2.8760174e+02
  -1.6189601e+02  -4.7909991e+02
   3.6181663e+02   4.2856818e+02
   3.9287994e+02   1.3655499e+02
  -1.4494129e+02  -1.6994081e+02
   1.8270468e+02   8.7073255e+01
   2.5304009e+02   4.3272579e+02
  -4.1883093e+02   5.8350706e+01
  -2.8635987e+02  -3.0357649e+02
  -4.5276825e+02   1.6716632e+02
   3.9356028e+02  -2.7187705e+02
  -3.0523017e+02   2.1372740e+02
   1.1562766e+02  -3.7742523e+01
   3.3238281e+02  -3.1254777e+02
  -3.4121412e+02   2.7626853e+02
   1.7824445e+02   2.2059909e+02
   3.6743173e+02   2.5216502e+02
   5.4360016e+01  -2.2065803e+02
   1.5464467e+02   3.2591740e+02
  -4.5602049e+02   4.1216570e+02
  -4.3930548e+02   4.5498641e+02
   3.5505372e+02   3.2918253e+01
  -4.3438168e+02   4.7928268e+02
  -5.1621286e+02   3.8603474e+02
  -3.9867146e+02  -4.7019676e+02
  -2.2601330e+02  -1.7430076e+02
   1.8371346e+02   3.6723093e+02
   2.4277018e+02   2.6332051e+02
   2.6135231e+02   4.7170229e+01
  -1.2976604e+02   3.9023152e+02
  -2.8430884e+02   1.4279331e+02
   3.2421341e+02  -5.2117957e+02
   7.9540984e+01  -4.6232439e+02
  -8.2045106e+01   3.3312554e+02
   3.8345237e+02   1.2517319e+02
  -1.0838585e+02  -1.6334858e+02
   2.1213860e+02   4.7340529e+02
  -2.6463773e+02  -3.5735890e+01
   1.1736498e+02   4.8839797e+02
   4.5575351e+02  -2.1103296e+02
   4.5841832e+02  -6.5425704e+01
  -3.5551925e+02  -2.1136036e+02
   5.1997299e+01   4.5156069e+01
  -4.1494648e+02   5.0062355e+02
   7.7053782e+01   2.2397628e+02
  -3.2266427e+02   3.0327072e+02
  -8.4268152e+01  -4.3323826e+02
  -7.5531576e+01   4.4380204e+02
   7.5129673e+01  -5.0075477e+02
   9.0753941e+00  -3.8911124e+02
   6.6855785e+01   4.4433967e+01
   2.7966642e+02  -2.4493540e+01
  -1.3454429e+02  -5.1151832e+02
  -1.3361711e+02   2.3340314e+02
   4.2093862e+02   3.1275450e+02
  -4.7578044e+02   3.2345151e+02
   4.7693501e+02   1.5939521e+02
   7.8794702e+01  -9.1228754e+01
  -5.0591107e+00   4.7522349e+02
   4.4909757e+01   3.0656751e+02
   2.7689122e+02   4.1265797e+02
   4.1686440e+02  -4.0624680e+02
  -4.1774711e+02  -4.8521893e+02
  -2.0381140e+02  -4.8817076e+02
   4.4713756e+02  -2.5344452e+01
   2.4732186e+02   8.6536188e+00
   1.5088571e+02   1.1544368e+02
   5.0522878e+02  -2.9653880e+02
  -3.0414403e+02  -8.9646498e+01
   3.6552705e+02   7.2451502e+01
   1.3650712e+02   2.3976805e+02
   2.3259203e+02  -1.2228319e+02
  -2.4142350e+02   4.7931731e+02
  -1.7433440e+02  -4.4173717e+02
   3.1411212e+02   3.2036190e+02
  -2.9171662e+01   4.6149074e+02
   4.4700058e+02  -2.7433206e+02
  -4.2380114e+02  -1.3127630e+01
   2.0804691e+02   1.5060968e+02
  -4.6704890e+02  -8.5193193e+00
   1.6623075e+02   5.4183588e+01
   4.5993756e+02  -2.8992686e+02
   4.9478392e+02  -3.4875418e+02
  -4.1667619e+02  -8.1700539e+01
  -1.2163384e+02  -1.9937730e+02
  -4.1387042e+02   3.2793809e+02
   1.8463402e+02  -1.1436161e+02
  -4.0653236e+02  -9.2668859e+01
   4.3953264e+01   2.9187733e+02
  -8.1906445e+01  -4.6503877e+02
   3.0539338e+02   3.7090158e+01
   4.1940743e+02  -1.6863121e+02
  -1.1258089e+02  -5.0716562e+02
   4.2299019e+02   3.4866443e+02
  -2.0658719e+02  -2.6273971e+02
  -4.9889588e+02  -4.6710699e+02
  -5.1102693e+02   3.0841118e+01
   4.6245855e+02  -3.6401260e+02
  -3.0877592e+02   4.9316697e+02
   4.2917949e+02   4.9757768e+02
   4.7017025e+02  -3.0060306e+02
   3.3286792e+02   3.0690329e+01
   1.6463178e+02   4.8558302e+02
   4.9383313e+02   4.0148776e+02
   2.6558063e+02  -3.4086784e+02
  -2.5136275e+02  -3.2685381e+02
  -8.7871880e+01  -3.5391107e+01
   4.9465952e+02   1.0047982e+02
   2.3887706e+02   1.3582039e+02
   3.7675433e+02  -3.2852267e+02
  -2.4656701e+02   4.1320004e+02
   1.2113429e+02  -1.2718383e+02
   1.6589367e+00  -2.6761566e+02
  -8.5170577e+01   2.1414471e+02
  -2.6101916e+02  -4.2189174e+02
  -4.3711365e+02   3.8965146e+02
  -4.9068745e+02   1.2612270e+02
  -2.8450564e+02   4.3508338e+02
  -1.9273829e+02   2.6425474e+02
  -4.5164169e+02  -5.8639017e+01
   3.7979825e+02  -2.7639842e+02
  -3.9597414e+02   9.2375069e+01
   3.0266104e+02  -1.5321998e+02
  -4.9043406e+02   3.6118650e+02
  -2.0589063e+02   2.4034018e+02
  -2.6089792e+02  -4.5552282e+02
   4.1828258e+02  -2.4652595e+02
  -2.6917054e+02  -4.8028146e+02
  -1.4726428e+02  -2.3983464e+01
  -3.4112510e+02   4.1206956e+02
   1.7613296e+02  -4.7300014e+02
   2.1601024e+02   3.3744889e+02
  -3.3837871e+02  -3.8003727e+02
  -1.9432464e+02   8.4160237e+01
  -1.5314692e+01  -8.2623182e+01
  -3.3999074e+02  -2.4080624e+02
  -3.5107668e+01  -6.0486200e+00
  -3.9330155e+01   1.2153650e+02
   3.4716604e+02   1.5514535e+02
  -3.1300851e+01   5.1802046e+02
   1.2896826e+02   3.1085767e+02
   3.1764936e+02   1.9076723e+02
  -3.6675174e+02  -5.7196539e+01
   1.4966264e+02   3.7667458e+02
   3.9096404e+02   3.0923778e+02
   2.6180924e+02   3.9047625e+02
  -1.2325637e+02  -4.2175097e+02
  -3.5767940e+02   2.6067046e+01
   3.0630044e+02  -3.0208081e+02
   4.1468113e+02   4.0398252e+02
   1.4184686e+02  -3.6473382e+01
   2.4771805e+02   2.1908235e+02
   1.0615220e+02   9.4948725e+01
   1.7886477e+02  -2.8719406e+02
   2.0431882e+02   9.1533208e+01
  -4.5166722e+02   4.4672183e+02
   1.1866078e+02  -2.4239474e+02
  -1.0724239e+02  -3.8289102e+02
   3.4848846e+02   9.4597612e+00
   2.0527134e+02  -4.1037242e+02
  -4.9008492e+01   3.0741963e+02
  -1.4926362e+02  -5.2528812e+01
  -1.4807559e+02  -1.0001395e+02
   2.4889283e+02   3.8318639e+02
  -3.5216579e+02   4.4364155e+02
   3.7897285e+02   3.6738955e+02
  -1.5888230e+02  -3.1827348e+02
  -1.9177909e+02   1.3787543e+01
  -2.6310057e+02   1.0712518e+02
   4.7649780e+02  -2.3088513e+02
   2.2760741e+02   7.6783406e+01
   1.2003688e+02   9.3208299e+01
   2.7204185e+02  -3.1138366e+00
  -1.1863969e+02   2.3156216e+01
   1.1436742e+02   3.0825876e+02
   1.3567239e+02   1.9675503e+02
   1.0871313e+02   3.8708001e+02
  -1.2633295e+02   4.4343560e+02
  -3.7073643e+02   4.1658211e+02
   4.6819165e+01   4.3980676e+02
   3.3315695e+02  -8.1997908e+01
  -8.4329673e+01   2.5927570e+02
  -1.8206538e+02  -1.9577382e+02
  -1.5098029e+02   2.8370874e+02
   2.2418406e+02   9.7373247e+01
  -3.3713381e+02  -4.3908478e+01
   4.2808679e+02  -2.2090392e+02
   1.4657174e+02  -1.8763724e+02
   2.7176862e+02   1.0870531e+02
  -1.1122249e+02  -4.4365830e+02
   9.1285381e+01  -3.8443314e+02
  -4.0745857e+02   4.0489196e+02
   4.9684413e+02   1.1531221e+02
   3.4903449e+01  -4.1227789e+02
   2.7282849e+02  -3.8314114e+02
  -5.0046291e+02   2.1848825e+02
  -2.2047479e+02   1.3020114e+02
   1.9726364e+02   6.5246316e+01
   3.7816204e+02   3.8231905e+02
   3.2323752e+02  -1.7356689e+02
  -2.2302879e+02   2.9133201e+02
   3.5881503e+02   4.1391965e+02
   3.5510897e+02   4.9966787e+02
  -3.2742351e+02  -4.4541055e+02
   3.1556532e+02  -1.6066000e+02
   2.0258198e+02  -1.4320549e+01
   4.2259364e+02  -4.8047037e+02
   2.9713072e+02  -1.9240221e+02
   3.8291494e+02  -1.2852378e+02
  -1.6994480e+02   3.8423292e+02
  -3.9411048e+01   4.4190272e+02
  -1.2228069e+02  -1.8461095e+02
   2.8336734e+01  -3.0058956e+02
   1.6205400e+02  -2.7205551e+02
  -8.8765206e+01  -3.9376219e+02
   4.5236046e+01  -2.1988115e+01
  -3.8336693e+02  -4.8622921e+02
  -1.1886797e+02  -2.7106165e+02
  -2.2850793e+02  -3.8670762e+02
  -5.6661257e+01   1.6969777e+02
   1.6728188e+02   2.1123463e+02
  -6.7064719e+01  -4.6561413e+02
  -3.1700066e+02   3.6711397e+02
   2.5851989e+02   1.1511780e+02
  -5.0120266e+02   3.3731526e+02
   3.9402721e+02  -2.1188924e+02
   3.8624199e+02  -3.5692128e+02
   2.1077125e+01  -3.2124262e+01
  -3.7367590e+02  -2.5547129e+02
   4.3594687e+02  -1.5742984e+01
   2.0437842e+02  -4.7368322e+01
   2.9908890e+02   7.0017068e+01
  -1.4040099e+02   1.8868118e+02
  -3.8423306e+02   2.5757177e+02
   3.5665318e+02  -4.2374435e+02
   3.6250755e+02   1.4547612e+02
   4.4405761e+02   9.7035270e+01
   3.9072111e+02   4.4704449e+01
   3.7528045e+02   4.6894482e+02
  -3.0106035e+02  -4.7659461e+02
  -2.1127760e+02   2.0496898e+02
  -1.0328745e+02   1.3773572e+01
  -4.5571406e+02  -3.3375635e+02
   3.8710731e+02  -5.1173422e+02
   3.1490886e+02  -4.3017823e+01
  -3.2481779e+01   3.8338237e+02
  -5.3264122e+01  -9.4653772e+01
  -1.7315674e+02  -2.2208958e+02
   2.5527553e+02  -5.0423839e+01
   4.9800832e+02  -1.5910724e+02
  -2.3245080e+02   3.3605370e+02
   2.2276840e+02  -5.9781590e+01
   2.3295481e+02  -4.1237515e+02
  -1.7620096e+02  -3.3055360e+02
  -4.2371092e+01  -4.7948147e+02
   3.3946075e+01  -7.4431952e+01
   4.2241630e+02  -6.8348980e+01
  -6.8124398e+01   2.0024360e+02
  -1.3369665e+02  -1.1624011e+02
  -3.3827514e+02  -4.0715488e+02
   1.2938656e+02  -1.1509475e+02
  -2.3090970e+02   2.1588335e+02
   1.3207936e+01   4.4030794e+02
   3.4503475e+01   3.8351362e+02
   1.9141695e+02  -9.4142089e+01
   3.2137275e+01  -4.7733895e+02
   1.1981523e+02   2.4210507e+02
  -1.3773749e+02   3.3517774e+02
  -3.6737723e+01  -1.4165770e+02
   1.9543419e+02   7.9830474e+01
  -1.7727949e+02   4.4251307e+02
   5.7520028e+01   2.9759099e+02
   1.1694840e+02   4.7348501e+02
  -5.0859430e+02   2.7772816e+02
  -4.4925986e+02  -1.5350768e+02
  -1.3652289e+02   2.8533290e+02
  -1.6053746e+02  -1.0757385e+02
  -4.8634092e+02   9.1462869e+01
   1.5707313e+02   2.0141286e+01
   2.1475255e+02  -3.2998386e+02
  -7.9793360e+01  -1.6181853e+02
   3.7890410e+02  -3.4331636e+02
   4.0912304e+02  -3.6491702e+02
   4.0030868e+02   4.4245218e+02
   2.1640344e+02  -8.8048090e+00
  -1.7445156e+02   3.6916464e+02
  -1.3289636e+02  -2.6816131e+01
  -4.6801638e+02  -4.2865142e+02
   2.6588610e+02   4.8586451e+02
  -4.0835530e+02  -2.9554511e+02
   1.7268468e+02   2.3418109e+02
   9.0848565e+01  -3.4113018e+02
  -4.4186539e+02  -3.0929804e+02
   2.0825754e+02   3.9430410e+01
   3.0641844e+02   4.4166144e+02
  -9.4620561e+01   3.8811640e+02
   1.1527801e+02   1.1319490e+02
  -1.9601200e+02  -2.4373179e+02
   3.9862490e+02  -4.2986586e+02
   3.7122734e+02  -3.0097533e+02
   3.3736709e+02  -2.9902330e+02
   1.3732444e+02   1.1951474e+02
   5.2916191e+01  -1.8181824e+02
   4.1807937e+02   3.7709412e+02
   1.7325990e+02  -8.8738901e+01
   2.2009887e+02   3.0075581e+02
  -4.2653662e+02  -4.1372288e+02
  -2.8970976e+02  -1.3359472e+02
   4.3436599e+02  -1.0575424e+02
   4.1489668e+02   2.9733768e+02
  -4.6105823e+02  -1.1290293e+02
  -1.1037498e+02  -1.4860523e+02
   4.0861593e+02  -1.1033727e+01
   2.3737095e+02   1.9722529e+01
   3.3696843e+02  -1.6538210e+02
   2.8205910e+02  -1.1404256e+02
   2.1118584e-01  -3.6878898e+02
  -3.3458877e+02  -2.2702557e+02
   2.5948931e+02   3.1466079e+02
   9.6449818e+01  -2.8028179e+02
  -5.0423085e+02  -8.5012562e+01
   1.2842880e+02   4.1470155e+02
   3.3922037e+01  -1.9236174e+02
  -3.5500081e+02   4.0656195e+01
  -1.9076603e+01   1.2225737e+02
   4.0971665e+02  -2.9205716e+02
   1.9952003e+02  -1.4259833e+02
   4.8899907e+02  -4.0988178e+02
  -4.3236293e+02   2.4841176e+02
  -5.3453124e+01   3.4315392e+02
   3.6901813e+02  -1.3376583e+02
   3.9268063e+02   4.2630246e+02
   3.6314364e+02  -2.5820156e+02
  -1.2129391e+02  -4.7688853e+02
   1.9359692e+02   2.7871985e+02
   4.0741911e+02  -2.1739998e+02
  -5.8833275e+01   3.8945663e+02
  -1.4498156e+02   2.9764813e+02
  -2.4114835e+01   9.1294592e+01
   3.2976221e+02  -2.6488827e+01
   7.2257176e+00  -2.5388067e+02
  -4.6073259e+02  -3.5515268e+02
   4.4517181e+02   3.0496351e+02
  -1.4562533e+00  -5.8868377e+01
  -3.3794332e+02   4.8671514e+02
   4.7311421e+02   3.8657059e+02
  -1.5627866e+02   4.4337120e+02
  -1.6153248e+02  -5.0075351e+02
   1.0620647e+02  -4.5413902e+02
   1.4806921e+02  -1.5442559e+02
  -3.4107690e+02   3.9043870e+02
  -1.6762530e+02   1.6776669e+02
  -3.7733793e+02  -1.8325595e+02
   3.2448927e+01  -2.8661240e+02
  -4.9096774e+02   3.8496811e+01
  -5.4545088e+01  -6.6694907e+01
   3.7192444e+02  -3.6414299e+02
   1.7024501e+02   1.2497386e+02
  -3.0699210e+02   1.5567990e+02
  -1.6033462e+02   2.2473418e+02
   3.0047246e+02   2.3508918e+00
   8.6405958e+01   3.7272369e+02
   1.2894270e+02  -3.7226186e+02
  -2.5033679e+01   7.0719084e+01
   2.9756570e+02  -1.2305304e+01
  -1.2631815e+02   3.0347947e+02
  -3.0512995e+02   1.1287320e+02
  -4.1862479e+02   3.7724817e+02
   1.3410422e+02  -4.8076918e+02
   4.0971372e+02  -4.4875940e+02
  -2.0878906e+02  -1.7392263e+02
   2.3566565e+02  -5.3894069e-01
  -2.6881097e+01  -7.3231704e+01
  -5.0703346e+02  -3.7864968e+02
  -6.3544190e+01  -2.4162050e+02
   2.2161779e+02  -2.6289930e+01
   3.7075954e+02  -1.0243849e+02
  -1.9799168e+02  -9.9506932e+01
  -8.1314141e+01  -3.1453109e+02
  -1.9384324e+02  -1.5153258e+02
   4.8629134e+02  -4.5906964e+02
   4.1905382e+02   2.2372728e+01
  -6.3987810e+01   7.8775989e+01
  -8.5635975e+01   1.4238541e+02
   2.5216381e+02   2.7477593e+02
   2.9170962e+02  -2.5996671e+02
   3.3057739e+02   2.5432516e+02
  -2.5409486e+02   3.0376691e+02
   4.0224179e+02   1.4808386e+02
   3.2478813e+02   1.5507803e+02
   2.8995824e+02  -4.9982293e+02
   1.3494935e+02  -2.8098729e+02
   3.9954496e+02   3.2178563e+02
  -4.6868131e+01  -5.3998179e+01
   1.0321464e+01  -2.1998553e+01
  -3.7088139e+02   6.5350912e+01
  -4.2582382e+02   1.2580524e+02
  -4.8018105e+02   4.3365497e-02
   2.1041767e+02  -4.5740506e+02
   9.1629987e+01   4.7424398e+02
   3.1000111e+02   1.5586042e+02
   4.8784723e+02  -2.6036366e+02
   8.0294428e+00  -2.3897369e+02
  -4.3862217e+02  -1.5029563e+01
  -4.2074819e+01   5.0468586e+02
   3.6715387e+02   2.9407476e+02
   4.6105031e+02  -2.6944009e+02
  -4.7447154e+02   4.9457589e+02
  -1.9302284e+02   3.4585491e+02
  -2.7592095e+02  -4.1708304e+02
  -3.4657754e+02  -4.7014195e+02
   1.3633331e+02   2.9032668e+02
   1.6179644e+02   1.7002482e+02
  -7.6332831e+01   1.7846794e+00
  -1.0699653e+02  -3.4999314e+02
  -9.0616579e+01  -4.7878417e+02
   1.4593291e+02  -8.4189535e+01
   2.1494905e+01  -1.6660488e+02
  -2.6776803e+02   4.9117326e+02
  -4.8170937e+02   2.3018745e+02
  -1.4758120e+02  -2.9371067e+02
  -7.4904440e+00  -1.7997854e+02
  -4.8728038e+02   3.3246609e+02
  -1.7469528e+02   2.2171888e+02
   5.9175413e+01  -7.0911495e+01
  -4.3607572e+01  -1.2865529e+02
  -9.1543785e+01  -4.0828634e+02
   2.0083495e+02   5.0507805e+00
   2.2235547e+02  -2.4355264e+02
   2.9513719e+02   1.3638581e+02
  -4.9507067e+01   2.4121535e+02
  -4.7365255e+02   3.7358125e+02
   3.8506714e+02   1.1042137e+02
   4.0603352e+02   2.7845353e+02
   3.8936540e+02  -3.1128543e+02
  -3.2536574e+02  -5.9566452e+01
   1.1121487e+02   4.1302179e+02
  -4.0508649e+02   2.8832975e+02
  -1.3218039e+02  -3.9158236e+02
   8.9232982e+01  -1.8867950e+02
  -6.8316515e+01   2.9903620e+02
  -2.3369177e+02   1.5918572e+02
  -1.7893325e+02   1.9323151e+02
   2.7280497e+02   8.8613576e+01
  -9.6063621e+01   1.7098935e+02
   8.8723307e+01   4.3161566e+02
   1.8919972e+02   3.3589141e+02
  -3.8344481e+02  -3.0968366e+02
  -1.2820199e+02   3.7538724e+02
   4.6528299e+02  -3.1705783e+02
   4.9541445e+02  -1.8665365e+02
  -2.6888282e+02   4.6179726e+01
   2.3621540e+02   2.8569458e+02
  -1.5283845e+02  -1.8249719e+02
   3.1675097e+02  -4.7095024e+02
  -2.9306830e+02   1.3091247e+02
   2.9062623e+02  -3.7057683e+02
   1.7643925e+02   1.3887995e+02
   3.5606494e+02  -2.3904804e+02
  -3.4330780e+02  -1.0091105e+02
   1.4610264e+01  -4.6426482e+02
   2.5381777e+02  -4.0475601e+02
  -4.5111645e+02   9.3854419e+01
   2.1388995e+02   2.6971103e+02
  -3.9695417e+02  -1.4295503e+02
  -2.4691603e+02   9.0462969e+01
  -2.6963850e+02  -1.2512441e+02
   8.2552245e+01  -2.0195130e+02
   3.9428723e+01   4.2679631e+02
   3.0103956e+02   2.5619373e+02
   1.2428361e+02   2.2335421e+02
  -4.6780225e+02   4.2169025e+02
   2.5456199e+02  -3.3097062e+02
  -2.1016138e+02   3.8864147e+02
  -5.9302682e+01  -1.4245306e+02
   3.5080494e+01   4.5761149e+02
  -1.3089847e+02   5.1049867e+02
   1.6243875e+02  -2.4226030e+02
   3.1613215e+02  -2.0713197e+02
   3.5863518e+02  -3.3853888e+02
   4.8435767e+02  -3.0591264e+02
  -2.1353723e+02  -8.5274068e+01
   4.3660744e+02   1.1249079e+02
   2.1230395e+02  -4.2366214e+02
  -2.4367638e+02   1.3130737e+02
  -3.0556376e+02   2.6038269e+02
   4.3333534e+02  -4.3702688e+02
  -3.3467993e+01  -4.9932814e+02
   3.0554846e+02  -9.7598121e+01
   4.3222414e+02  -3.2931648e+01
   2.3972878e+02   2.0586168e+02
  -4.4622434e+02  -7.6778202e+01
   2.4519168e+02  -4.4094843e+02
   4.7385076e+02  -4.5073897e+02
  -3.1669012e+02   4.6472063e+02
   4.4276666e+02  -2.2071946e+02
  -4.9574202e+02  -1.0557616e+02
  -3.2616710e+02   4.1947257e+02
  -2.1690013e+02  -1.8585222e+02
  -2.6591979e+01   4.7648292e+02
   7.2093080e+01  -2.6449332e+02
  -4.1384190e+02  -1.9493555e+02
  -3.2633412e+02  -4.8416469e+02
  -2.5175025e+02  -2.4252903e+02
  -4.9540195e+02   2.6988016e+02
  -8.4786919e+01  -2.0946051e+02
  -1.7951459e+02  -1.9896193e+01
   1.1807670e+02  -8.1661995e+01
  -3.9167384e+02  -9.4267272e+01
  -1.5136593e+02  -2.0701763e+02
   2.4134663e+01  -1.7065552e+01
  -1.7078173e+02  -2.5193537e+02
  -2.4196837e+02   5.1815716e+01
   4.9086338e+02  -2.0092734e+02
   1.6229229e+02   6.8519899e+01
   5.1771304e+01   2.9529068e+01
  -1.2647020e+02   1.8423132e+02
   3.0549809e+02   2.4187919e+02
  -4.6134628e+02  -4.0147437e+02
  -3.7281714e+02   2.2421214e+02
  -2.4717139e+02   3.8670464e+02
   3.5643784e+02  -4.5442428e+02
  -4.0661453e+02   4.5215703e+02
   2.0577669e+02  -9.0054521e+01
   7.5150371e+01  -3.8751298e+02
  -1.9936102e+02   3.2972820e+02
   2.1809412e+01  -3.3977769e+02
  -2.3185125e+02  -8.9334994e+01
   3.4402369e+02   7.7276107e+01
  -3.8212123e+02   3.0202752e+02
  -9.1936076e+01  -5.0961530e+02
  -2.9401543e+02   7.2424657e+01
  -4.3960831e+02  -4.9259774e+02
   8.5651130e+01   2.3725411e+01
  -7.1360074e+01   1.4146013e+02
  -4.3757443e+02   1.1654075e+02
   4.5256871e+02   2.9079922e+02
   4.6384700e+02  -3.7863817e+02
  -4.5826033e+02  -4.7903173e+02
  -7.0578058e+01   1.6466202e+02
  -1.1179712e+02  -3.9708549e+02
  -3.7574249e+02  -2.9024371e+02
  -5.1293191e+01  -2.0617600e+01
  -9.4749093e+01  -1.4320888e+02
   1.3262742e+02  -3.4466947e+02
  -1.7654039e+02  -2.1838993e+00
   4.1970438e+02   1.2332806e+02
  -3.9521191e+02  -2.0706745e+02
  -7.4264937e+01  -4.5233026e+02
   4.8720622e+02   2.7871827e+02
  -4.2273159e+02   3.9105525e+02
   2.3122279e+02   4.3829624e+02
   1.1713904e+02  -4.1935942e+02
  -1.6011351e+02   4.3423332e+01
  -1.0162888e+02  -2.0884095e+02
  -4.7623786e+00   5.0623181e+01
   1.2076814e+02  -1.6196084e+02
  -5.6399241e+01  -3.9349435e+02
   3.7931691e+02  -1.1445693e+02
  -3.3806686e+02  -3.5008400e+02
  -1.4064148e+02   4.8418819e+02
   3.0992946e+02  -4.4590299e+02
   3.8531356e+02  -2.5945058e+02
  -2.5300548e+02   1.7066688e+02
  -1.2869248e+02   1.6964000e+02
  -5.9549065e+01  -2.9530726e+02
  -1.8792957e+02   4.4547542e+01
   4.1811622e+02   3.3458496e+02
   3.8535211e+02  -2.9739645e+02
  -1.7053894e+02  -5.0719984e+01
   3.4391446e+02  -1.4645460e+02
  -4.7489882e+02  -3.7230506e+02
   3.7693433e+02   4.2460400e+02
  -1.3500810e+02  -2.4458148e+02
   1.7608588e+02   2.7723120e+02
  -1.5832481e+02   8.3356024e+01
   4.8137655e+02   1.9951555e+02
   3.7481989e+02  -4.5568031e+02
   2.3506354e+02   3.0050817e+02
  -3.9336238e+02   4.5900709e+02
  -2.0183761e+02  -3.5564144e+02
  -3.1826215e+02  -5.0337762e+02
   1.3176107e+02   3.4000194e+02
  -2.7746956e+02  -3.5682070e+02
   7.3390062e+01   1.3643895e+02
   4.0621952e+02  -1.5243792e+02
  -1.8406883e+02   3.0243242e+01
  -5.0592282e+02  -1.1657670e+02
   1.6781930e+02  -2.2040894e+02
   4.7572240e+02   4.9720771e+01
  -3.9778325e+02  -4.9036457e+02
   5.3849451e+01   2.6417546e+02
   4.0691279e+02  -4.1742438e+02
   3.7294981e+02  -1.6891806e+02
   2.3283563e+02  -1.4238874e+02
   3.0226187e+02   2.7843223e+02
  -1.7521559e+02   3.0715664e+02
  -3.0075024e+02   5.0581959e+02
  -3.3904763e+01  -1.9173886e+02
   3.6270753e+02  -1.5818397e+02
  -2.1478250e+02  -2.9584851e+01
  -7.8336385e+01  -3.2909497e+02
   1.3841274e+02   4.0386068e+02
  -3.4128011e+02  -4.8411183e+02
   9.3470823e+00   1.1910417e+02
  -3.5688699e+02   4.7376576e+02
  -4.6827712e+01  -4.2917997e+02
   3.8017955e+02   4.8523531e+02
  -7.7718648e+01  -4.0358165e+02
  -3.8847252e+02  -1.7278095e+02
  -3.0590068e+02  -2.7291675e+02
  -1.8576159e+02   1.5824206e+02
  -2.7571846e+02   2.7649059e+02
  -3.3599471e+02   1.5095041e+02
  -2.4666243e+02   2.6876638e+02
   3.4856821e+00  -1.3679739e+02
  -3.2485926e+02  -2.5198671e+02
   4.7765606e+02  -8.8086263e+01
  -2.9539565e+02  -1.6628704e+02
   1.8880577e+02   2.6037504e+02
   1.4108783e+01   4.6693743e+02
   1.3139356e+02   5.0574595e+02
   3.4612414e+02   4.8766092e+02
  -3.8160049e+01   2.1536962e+02
  -4.8159323e+02   4.1583399e+02
   3.1740216e+02  -5.7494523e+01
   1.5657563e+02   1.2865070e+02
  -4.1408757e+02  -3.2499964e+02
   1.9107932e+02  -4.7256313e+02
  -3.1281430e+02  -3.0120936e+02
   5.0882197e+02   1.4230334e+02
  -3.5356826e+02  -2.4685846e+02
  -4.6943369e+01  -2.1742445e+02
  -3.9993897e+01  -3.6254778e+02
   4.0576118e+02  -2.0260489e+02
   5.0732647e+01   7.4559104e+01
  -8.1619034e+01   1.9572018e+02
   3.2806328e+02   3.3539683e+02
   3.4330288e+02   2.1326206e+02
  -4.6811894e+02  -3.4212490e+02
  -3.4346008e+02   1.6327277e+02
   6.0189132e+01   9.5799828e+01
  -4.2120950e+02   2.3749580e+02
   6.9126681e+01   3.4705561e+02
   1.8337504e+02  -3.7970874e+02
  -2.2754084e+01  -2.5846428e+02
   1.3492902e+02   1.7593019e+02
   2.8344382e+02  -4.8631836e+02
  -1.9124809e+02   2.4332755e+02
  -1.5984206e+02  -4.0336620e+02
   3.0605810e+02  -3.5764697e+02
  -9.5149440e+01   1.0203269e+02
   5.0315332e+01  -1.3875926e+02
   4.9147698e+02  -3.2999971e+02
  -2.7444256e+02  -2.7085945e+02
  -7.8485318e+01   5.0096564e+02
  -1.0602987e+02   2.7820741e+02
  -3.8651775e+02  -3.9676098e+02
  -2.5244838e+02   1.8913650e+02
  -3.3019765e+02   4.5834199e+02
   3.7588002e+02  -3.0723849e+01
  -1.5770579e+02  -3.6107718e+02
   4.6801730e+02  -4.3070379e+02
  -2.6990857e+02  -6.3612816e+01
  -5.1617431e+01   1.4281685e+02
   2.8095656e+01   4.1707379e+02
  -8.1138738e+01  -4.9028205e+02
   4.6484458e+02   4.0537179e+02
   5.0829916e+01  -4.5902272e+02
   1.8611263e+02  -1.0432447e+01
  -2.2410008e+02  -4.5350115e+01
  -2.7728179e+02  -9.8905674e+01
   1.8760979e+02   1.1383119e+02
  -3.7941562e+02  -4.3821998e+02
  -4.3902522e+02   2.7041104e+02
  -3.3843356e+02  -4.2869996e+02
   3.7431812e+01   8.0649577e+01
   3.5238910e+02  -1.9011426e+02
   4.1326386e+02   6.0864939e+01
   2.6113826e+02  -3.9198010e+02
  -4.8922295e+02  -3.7650739e+02
  -4.0087768e+01  -1.7853802e+02
   3.4526508e+02  -1.7730046e+02
  -6.0702579e+01   4.4288530e+02
   2.7822173e+01  -3.6832300e+02
   3.1677470e+02   3.6941262e+02
  -8.1165888e+01  -6.1719154e+01
   4.9112859e+02   1.3442157e+02
   3.1023232e+01  -1.7796079e+02
  -1.9231320e+02  -2.5818004e+02
  -4.0643651e+01  -2.7705990e+02
   2.1379172e+02   1.1846816e+01
  -5.0780647e+00  -4.4575917e+01
  -6.5095980e+01  -5.1333037e+02
  -6.2554629e+01   1.8132177e+01
   4.4539948e+02  -3.8847844e+02
  -1.1579518e+02  -1.1529459e+02
  -5.1913086e+02   2.8837217e+02
  -4.0761330e+02  -1.3236645e+02
   1.1137335e+02  -2.2284926e+02
  -6.5926220e+01  -4.1193081e+02
  -2.5676624e+02   2.0321153e+02
   5.0492055e+02  -4.0574109e+02
   3.3724603e+02  -4.2501318e+02
  -7.3422221e+00   2.0366826e+02
  -1.5318557e+02  -3.7493363e+02
  -1.0758255e+02   2.3061277e+02
   1.3382346e+02  -5.7115311e+01
  -2.8938659e+02   2.8123206e+00
  -3.1650746e+02  -3.7729781e+02
  -3.5493824e+02   3.8528419e+02
  -1.4668276e+02  -2.7905786e+02
  -2.7328689e+01   6.5382566e+00
   2.3140259e+02  -1.0304311e+02
  -4.4074760e+02   2.9724298e+02
  -3.1633930e+01   1.8123010e+02
  -4.2251155e+02   1.8956609e+02
   2.5734473e+02  -3.2745224e+00
  -1.1415429e+02   2.1731624e+02
  -3.0003438e+02   2.3045861e+02
   4.3600143e+02  -8.3212176e-01
  -1.1861372e+02  -3.7369338e+02
   8.2077522e+01  -2.2226816e+02
   3.2866836e+02   6.6247046e+01
  -3.7544166e+00   3.2482973e+02
   2.5890954e+02  -2.2595937e+02
  -1.9605007e+02  -2.7268177e+02
   1.5542000e+02  -4.2368438e+01
   5.0240081e+02  -2.8115975e+02
   2.5578341e+02  -1.8071965e+01
   3.6185220e+02  -3.1229374e+02
  -1.7229590e+02  -1.4835090e+02
  -2.1124540e+01  -3.9560961e+02
  -4.4343240e+02  -4.3050907e+02
  -9.5341322e+01   2.8842786e+02
  -1.7345915e+02   4.6002743e+02
  -2.0016986e+02   3.5999823e+01
   4.3887158e+02   5.0901905e+02
   2.5236157e+02   1.8867019e+02
  -2.5556384e+02   2.4650880e+02
   1.3374287e+02  -4.3230284e+02
  -4.4919017e+02   5.0303073e+02
  -4.5477206e+02   3.1745699e+02
  -2.0623939e+02  -2.2442670e+02
  -1.8417961e+02  -4.5361564e+01
   8.5885870e+01   4.4627761e+02
   3.1581475e+02   2.8477197e+02
   1.3639326e+02   3.5515505e+01
   2.9693448e+02  -2.8352371e+02
   7.4085758e-01  -3.0204944e+02
   5.4098968e+01   1.9344275e+02
   6.5882687e+01   3.6995915e+02
  -2.5897179e+02   1.3599796e+01
   2.7685436e+02  -2.1090203e+02
   2.0123762e+02   1.9758325e+01
  -8.4353292e+00  -2.1493722e+02
  -4.2650774e+02   3.6504409e+02
  -1.5517406e+02  -4.1799950e+02
   2.2494434e+02   2.0635550e+02
  -2.3736762e+02  -4.0726391e+00
  -3.4220378e+01   1.5506572e+02
  -4.5997142e+02  -3.7097425e+02
  -2.0320092e+02   3.1526506e+02
   3.6984911e+01   1.2700319e+02
   4.4256343e+02  -1.5224726e+02
   2.4607396e+02  -4.8994360e+02
  -4.1556754e+02  -2.3928152e+02
  -4.3132880e+02  -7.7503815e+01
   4.0643777e+02  -2.6484105e+02
  -3.2289199e+02  -3.1511708e+02
  -3.1371867e+02  -1.7761585e+02
   4.8776831e+02   1.4903142e+02
   2.6330700e+02  -3.8188748e+01
  -1.7183023e+01   1.7862813e+02
   1.9858655e+02  -1.9259284e+02
  -1.4623501e+02  -3.5164605e+02
  -2.9981816e+02  -1.4458994e+02
  -1.5710050e+02   5.9351310e+00
