  -3.5551477e+02   2.1075312e+02
   3.7616033e+02   2.7122738e+02
  -2.7858092e+02  -4.8188682e+02
   4.5515133e+02  -4.6664211e+02
   3.3760503e+02   2.9435471e+02
  -3.9142380e+02  -5.4481960e+01
  -3.8353434e+02   1.6915915e+02
  -3.3018692e+02  -4.8364694e+02
  -2.5053974e+02  -4.5876589e+02
  -4.3995616e+01  -8.0236264e+01
   2.6024625e+02   3.0600333e+02
  -4.7772388e+02  -4.0487426e+02
  -3.1350133e+02   2.4722025e+02
   4.9270234e+02   4.9906521e+02
  -1.3908238e+02   4.5034206e+01
   4.0193604e+02   1.4384075e+02
   8.1099499e+01   8.9800233e+01
  -3.1511152e+02   2.2371301e+01
   4.5460016e+02   1.1939578e+01
  -2.0160166e+02  -2.6642661e+00
  -1.4618478e+02  -2.5501663e+02
  -9.5213587e+01   7.4505269e+01
   4.3677364e+02  -2.9396488e+02
  -1.5126263e+02   5.1060750e+01
  -4.0205618e+02   4.8291677e+02
   1.5101932e+02  -4.0346450e+02
   3.1384117e+02   4.3812809e+02
   8.8122270e+01   2.5984330e+01
   2.8557503e+00  -4.3884705e+02
  -3.8843870e+02  -1.8049192e+02
   8.6288696e+01   4.7655414e+02
