   5.0000000e-01   1.5000000e+01   5.0000000e+00   1.1456236e+01   2.0000000e+01   8.3983884e-01   7.9753866e-01
   1.0000000e+00   1.0000000e+01   2.0000000e+01   1.6446914e+01   2.8400000e+02   9.5500717e-01   6.7294607e-01
   1.0000000e+00   1.0000000e+01   2.5000000e+01   1.4945690e+01   6.8300000e+02   9.7041680e-01   3.0295014e-01
   1.0000000e+00   1.0000000e+01   3.0000000e+01   1.6591690e+01   6.0000000e+00   9.7328893e-01   5.7523553e-01
   1.0000000e+00   1.0000000e+01   3.5000000e+01   1.4226634e+01   2.5100000e+02   9.7138283e-01   1.9846657e-01
   1.0000000e+00   1.0000000e+01   5.0000000e+01   1.1444429e+01   7.4000000e+01   9.9154727e-01   7.0534638e-01
   1.0000000e+00   1.0000000e+01   5.5000000e+01   1.1284890e+01   1.6800000e+02   9.9061035e-01   7.4715270e-01
   1.0000000e+00   1.0000000e+01   6.0000000e+01   1.1665935e+01   1.5400000e+02   9.9162400e-01   6.4967876e-01
   1.0000000e+00   1.0000000e+01   6.5000000e+01   1.0785065e+01   4.6500000e+02   9.9422639e-01   8.2756234e-01
   1.0000000e+00   1.5000000e+01   1.5000000e+01   1.6402774e+01   6.3000000e+01   9.3479790e-01   5.2181283e-01
   1.0000000e+00   1.5000000e+01   2.0000000e+01   1.7409158e+01   9.9000000e+01   8.9628153e-01   6.3577380e-01
   1.0000000e+00   1.5000000e+01   2.5000000e+01   1.6261971e+01   3.2000000e+02   9.6079043e-01   4.6257404e-01
   1.0000000e+00   1.5000000e+01   3.0000000e+01   1.4999069e+01   1.2300000e+02   9.7925468e-01   1.8573771e-01
   1.0000000e+00   1.5000000e+01   3.5000000e+01   1.2949547e+01   8.0700000e+02   9.8679421e-01   4.2332809e-01
   1.0000000e+00   1.5000000e+01   4.0000000e+01   1.3384346e+01   1.6700000e+02   9.8853546e-01   2.5404086e-01
   1.0000000e+00   1.5000000e+01   4.5000000e+01   1.1720287e+01   4.7800000e+02   9.9108535e-01   6.6187997e-01
   1.0000000e+00   1.5000000e+01   5.0000000e+01   1.2775816e+01   9.9300000e+02   9.8975153e-01   3.8806480e-01
   1.0000000e+00   1.5000000e+01   6.0000000e+01   1.1138293e+01   3.7000000e+01   9.9349088e-01   7.8284856e-01
   1.0000000e+00   2.0000000e+01   3.5000000e+01   1.1449851e+01   7.6400000e+02   9.9194646e-01   6.5652534e-01
   1.0000000e+00   2.0000000e+01   4.0000000e+01   1.3206903e+01   3.3100000e+02   9.8710484e-01   3.6736550e-01
   1.0000000e+00   2.0000000e+01   5.0000000e+01   1.2907316e+01   8.8100000e+02   9.9122247e-01   3.8011219e-01
   1.0000000e+00   2.5000000e+01   1.0000000e+01   1.7369202e+01   8.4000000e+01   9.4317288e-01   7.8360170e-01
   1.0000000e+00   2.5000000e+01   2.0000000e+01   1.1683382e+01   2.0500000e+02   9.9212706e-01   5.7547906e-01
   1.0000000e+00   2.5000000e+01   2.5000000e+01   1.3290406e+01   3.8500000e+02   9.8476702e-01   2.9137998e-01
   1.0000000e+00   2.5000000e+01   3.5000000e+01   1.1268189e+01   3.7300000e+02   9.8935318e-01   7.6305294e-01
   1.0000000e+00   2.5000000e+01   4.5000000e+01   1.0877973e+01   2.0000000e+01   9.9431321e-01   8.1650775e-01
   1.0000000e+00   3.0000000e+01   1.0000000e+01   1.1154798e+01   6.9100000e+02   9.8983252e-01   7.1032085e-01
   1.0000000e+00   3.0000000e+01   1.5000000e+01   1.5487136e+01   9.0400000e+02   9.7331516e-01   3.2798427e-01
   1.0000000e+00   3.0000000e+01   2.0000000e+01   1.3401289e+01   2.8800000e+02   9.8386948e-01   3.2595783e-01
   1.0000000e+00   3.0000000e+01   2.5000000e+01   1.1629884e+01   7.4100000e+02   9.8606820e-01   6.7690666e-01
   1.0000000e+00   3.0000000e+01   3.5000000e+01   1.1705856e+01   8.6100000e+02   9.8804650e-01   6.5995312e-01
   1.0000000e+00   3.0000000e+01   4.0000000e+01   1.0662350e+01   2.8300000e+02   9.9544500e-01   8.8180227e-01
   1.0000000e+00   3.5000000e+01   5.0000000e+00   1.4274478e+01   5.6400000e+02   9.7714320e-01   1.9331394e-01
   1.0000000e+00   3.5000000e+01   1.0000000e+01   1.4748749e+01   3.9700000e+02   9.7038314e-01   1.7141409e-01
   1.0000000e+00   3.5000000e+01   1.5000000e+01   1.4719144e+01   4.5800000e+02   9.7731138e-01   1.4675564e-01
   1.0000000e+00   3.5000000e+01   2.0000000e+01   1.1784817e+01   2.5100000e+02   9.8780689e-01   6.5415528e-01
   1.0000000e+00   3.5000000e+01   2.5000000e+01   1.0528713e+01   4.2500000e+02   9.9409129e-01   9.0476171e-01
   1.0000000e+00   3.5000000e+01   3.0000000e+01   1.0976724e+01   1.1100000e+02   9.9135901e-01   8.5942444e-01
   1.0000000e+00   3.5000000e+01   3.5000000e+01   1.1307568e+01   4.7200000e+02   9.9431280e-01   7.2345013e-01
   1.0000000e+00   3.5000000e+01   4.5000000e+01   1.0719650e+01   5.8400000e+02   9.9121677e-01   9.5851472e-01
   1.0000000e+00   4.0000000e+01   5.0000000e+00   1.3948061e+01   3.5200000e+02   9.8166486e-01   1.6904210e-01
   1.0000000e+00   4.0000000e+01   1.0000000e+01   1.4717941e+01   3.9400000e+02   9.8009471e-01   1.4747054e-01
   1.0000000e+00   4.0000000e+01   1.5000000e+01   1.3098472e+01   2.5700000e+02   9.8943761e-01   3.8661866e-01
   1.0000000e+00   4.5000000e+01   5.0000000e+00   1.4797931e+01   8.5000000e+02   9.8073697e-01   2.4824876e-01
   1.0000000e+00   4.5000000e+01   1.0000000e+01   1.2425168e+01   9.3000000e+02   9.8665383e-01   4.9868852e-01
   1.0000000e+00   4.5000000e+01   1.5000000e+01   1.0505907e+01   1.3700000e+02   9.8651411e-01   9.5324538e-01
   1.0000000e+00   5.0000000e+01   5.0000000e+00   1.2019348e+01   3.5200000e+02   9.8818175e-01   5.6064919e-01
   1.0000000e+00   5.5000000e+01   5.0000000e+00   1.1225770e+01   5.9000000e+01   9.9339525e-01   7.0376500e-01
   1.0000000e+00   5.5000000e+01   1.0000000e+01   1.0954960e+01   8.8400000e+02   9.9454896e-01   8.0883554e-01
   1.0000000e+00   6.0000000e+01   5.0000000e+00   1.2460486e+01   2.4700000e+02   9.8863318e-01   5.1886227e-01
   1.0000000e+00   6.5000000e+01   5.0000000e+00   1.0502657e+01   2.9500000e+02   9.9500792e-01   8.9277124e-01
   1.5000000e+00   1.0000000e+01   6.0000000e+01   1.5154575e+01   7.8200000e+02   9.9424345e-01   2.5383618e-01
   1.5000000e+00   1.0000000e+01   7.0000000e+01   1.5197621e+01   9.4000000e+02   9.9441406e-01   1.7514201e-01
   1.5000000e+00   1.0000000e+01   7.5000000e+01   1.5275122e+01   8.5300000e+02   9.9389274e-01   1.8159290e-01
   1.5000000e+00   1.0000000e+01   8.0000000e+01   1.6295467e+01   6.5700000e+02   9.9450844e-01   4.7488440e-01
   1.5000000e+00   1.0000000e+01   8.5000000e+01   1.2139147e+01   7.3700000e+02   9.9548826e-01   5.5848149e-01
   1.5000000e+00   1.5000000e+01   5.5000000e+01   1.4454156e+01   7.2400000e+02   9.9274656e-01   8.7022644e-02
   1.5000000e+00   1.5000000e+01   6.0000000e+01   1.7211519e+01   6.2300000e+02   9.8872596e-01   6.2706150e-01
   1.5000000e+00   1.5000000e+01   6.5000000e+01   1.4416270e+01   4.8800000e+02   9.9481557e-01   9.2926350e-02
   1.5000000e+00   1.5000000e+01   7.0000000e+01   1.5003833e+01   1.5300000e+02   9.9344396e-01   1.2871625e-01
   1.5000000e+00   1.5000000e+01   7.5000000e+01   1.3637277e+01   6.1600000e+02   9.9535867e-01   1.4857022e-01
   1.5000000e+00   1.5000000e+01   8.0000000e+01   1.2498985e+01   4.3400000e+02   9.9622486e-01   4.3847513e-01
   1.5000000e+00   2.0000000e+01   4.5000000e+01   1.5268056e+01   6.4800000e+02   9.9321528e-01   3.7496751e-01
   1.5000000e+00   2.0000000e+01   5.0000000e+01   1.6743990e+01   1.7000000e+02   9.9161440e-01   5.0755484e-01
   1.5000000e+00   2.0000000e+01   5.5000000e+01   1.5248181e+01   3.0900000e+02   9.9341536e-01   2.5644140e-01
   1.5000000e+00   2.0000000e+01   6.0000000e+01   1.4084027e+01   5.2300000e+02   9.9370367e-01   9.3740800e-02
   1.5000000e+00   2.0000000e+01   6.5000000e+01   1.4779781e+01   8.0200000e+02   9.9441634e-01   1.3280290e-01
   1.5000000e+00   2.0000000e+01   7.0000000e+01   1.3122393e+01   7.1200000e+02   9.9624874e-01   2.9382153e-01
   1.5000000e+00   2.5000000e+01   5.0000000e+01   1.4816932e+01   3.7000000e+02   9.9379054e-01   1.3973024e-01
   1.5000000e+00   2.5000000e+01   5.5000000e+01   1.5395266e+01   6.9700000e+02   9.9463585e-01   2.3115378e-01
   1.5000000e+00   2.5000000e+01   6.0000000e+01   1.3199482e+01   3.4600000e+02   9.9580677e-01   2.8264827e-01
   1.5000000e+00   2.5000000e+01   6.5000000e+01   1.5969785e+01   9.0000000e+02   9.9454187e-01   3.8175195e-01
   1.5000000e+00   2.5000000e+01   7.0000000e+01   1.1908956e+01   9.3700000e+02   9.9556776e-01   4.8502751e-01
   1.5000000e+00   3.0000000e+01   3.0000000e+01   1.5868449e+01   1.1600000e+02   9.8927844e-01   4.0427828e-01
   1.5000000e+00   3.0000000e+01   3.5000000e+01   1.6781494e+01   7.2600000e+02   9.8940122e-01   4.9185137e-01
   1.5000000e+00   3.0000000e+01   4.5000000e+01   1.6484374e+01   5.5400000e+02   9.9192447e-01   5.2821868e-01
   1.5000000e+00   3.0000000e+01   5.0000000e+01   1.5767889e+01   8.5200000e+02   9.9444759e-01   4.1713137e-01
   1.5000000e+00   3.0000000e+01   5.5000000e+01   1.3527257e+01   4.2000000e+01   9.9468500e-01   2.9361280e-01
   1.5000000e+00   3.0000000e+01   6.0000000e+01   1.3820107e+01   1.0300000e+02   9.9560197e-01   1.7429790e-01
   1.5000000e+00   3.0000000e+01   6.5000000e+01   1.0943819e+01   2.0700000e+02   9.9564617e-01   7.4612865e-01
   1.5000000e+00   3.5000000e+01   1.5000000e+01   1.7322109e+01   7.3400000e+02   9.7985549e-01   6.3186896e-01
   1.5000000e+00   3.5000000e+01   2.5000000e+01   1.5307012e+01   6.9900000e+02   9.9437752e-01   3.4152305e-01
   1.5000000e+00   3.5000000e+01   3.0000000e+01   1.4083929e+01   6.6500000e+02   9.9296220e-01   1.3102257e-01
   1.5000000e+00   3.5000000e+01   4.0000000e+01   1.5193979e+01   1.0500000e+02   9.9465766e-01   2.4028392e-01
   1.5000000e+00   3.5000000e+01   4.5000000e+01   1.3604260e+01   3.7300000e+02   9.9559855e-01   1.3542905e-01
   1.5000000e+00   3.5000000e+01   5.0000000e+01   1.6088486e+01   4.4000000e+01   9.9395541e-01   4.0401269e-01
   1.5000000e+00   3.5000000e+01   5.5000000e+01   1.4194382e+01   3.8800000e+02   9.9332374e-01   1.7169809e-01
   1.5000000e+00   3.5000000e+01   6.0000000e+01   1.2762816e+01   2.6500000e+02   9.9617210e-01   3.2294693e-01
   1.5000000e+00   4.0000000e+01   3.0000000e+01   1.6800816e+01   1.4300000e+02   9.9190436e-01   6.9051657e-01
   1.5000000e+00   4.0000000e+01   3.5000000e+01   1.2196092e+01   5.7700000e+02   9.9566566e-01   4.8391531e-01
   1.5000000e+00   4.0000000e+01   4.0000000e+01   1.4531438e+01   3.9000000e+01   9.9325717e-01   8.8024241e-02
   1.5000000e+00   4.0000000e+01   4.5000000e+01   1.4011443e+01   4.1300000e+02   9.9596479e-01   7.5625803e-02
   1.5000000e+00   4.0000000e+01   5.0000000e+01   1.5138147e+01   9.2900000e+02   9.9394332e-01   1.9581613e-01
   1.5000000e+00   4.0000000e+01   5.5000000e+01   1.4112451e+01   3.3000000e+01   9.9535622e-01   6.9075747e-02
   1.5000000e+00   4.5000000e+01   2.5000000e+01   1.5949534e+01   7.4800000e+02   9.9369704e-01   3.9840756e-01
   1.5000000e+00   4.5000000e+01   3.0000000e+01   1.6719733e+01   7.2900000e+02   9.8993736e-01   4.6276558e-01
   1.5000000e+00   4.5000000e+01   3.5000000e+01   1.4715828e+01   8.4100000e+02   9.9525860e-01   1.9399810e-01
   1.5000000e+00   4.5000000e+01   4.0000000e+01   1.2419508e+01   4.9900000e+02   9.9578351e-01   4.8000759e-01
   1.5000000e+00   4.5000000e+01   4.5000000e+01   1.4256209e+01   1.9100000e+02   9.9552204e-01   6.5398365e-02
   1.5000000e+00   4.5000000e+01   5.0000000e+01   1.3158296e+01   2.0300000e+02   9.9593183e-01   2.2789526e-01
   1.5000000e+00   5.0000000e+01   1.5000000e+01   1.5070910e+01   8.3000000e+01   9.9347856e-01   2.0505273e-01
   1.5000000e+00   5.0000000e+01   2.0000000e+01   1.5204060e+01   2.8600000e+02   9.9409799e-01   2.4287906e-01
   1.5000000e+00   5.0000000e+01   2.5000000e+01   1.5246324e+01   9.8800000e+02   9.9400116e-01   2.5541738e-01
   1.5000000e+00   5.0000000e+01   3.0000000e+01   1.4935195e+01   1.4100000e+02   9.9392050e-01   2.3671116e-01
   1.5000000e+00   5.0000000e+01   3.5000000e+01   1.5975462e+01   8.5000000e+02   9.9322490e-01   4.6136793e-01
   1.5000000e+00   5.0000000e+01   4.0000000e+01   1.5431678e+01   4.4000000e+01   9.9450369e-01   2.5016700e-01
   1.5000000e+00   5.0000000e+01   4.5000000e+01   1.3481025e+01   2.3200000e+02   9.9602657e-01   2.1004042e-01
   1.5000000e+00   5.5000000e+01   5.0000000e+00   1.6651770e+01   3.3900000e+02   9.8682306e-01   5.5081044e-01
   1.5000000e+00   5.5000000e+01   2.0000000e+01   1.3288913e+01   5.4200000e+02   9.9570453e-01   2.0927762e-01
   1.5000000e+00   5.5000000e+01   2.5000000e+01   1.4659914e+01   2.3000000e+01   9.9476658e-01   8.8865965e-02
   1.5000000e+00   5.5000000e+01   3.0000000e+01   1.4357654e+01   7.0500000e+02   9.9527973e-01   1.4285016e-01
   1.5000000e+00   5.5000000e+01   3.5000000e+01   1.4767828e+01   4.4400000e+02   9.9498394e-01   1.3366370e-01
   1.5000000e+00   5.5000000e+01   4.0000000e+01   1.3080479e+01   9.4000000e+01   9.9571301e-01   2.4753036e-01
   1.5000000e+00   6.0000000e+01   1.0000000e+01   1.4937387e+01   5.9600000e+02   9.9260733e-01   1.4756998e-01
   1.5000000e+00   6.0000000e+01   1.5000000e+01   1.5959172e+01   8.4400000e+02   9.9452738e-01   4.7355976e-01
   1.5000000e+00   6.0000000e+01   2.0000000e+01   1.1536434e+01   5.3600000e+02   9.9611853e-01   5.9208887e-01
   1.5000000e+00   6.0000000e+01   2.5000000e+01   1.4983011e+01   2.4000000e+01   9.9211720e-01   1.4553377e-01
   1.5000000e+00   6.0000000e+01   3.0000000e+01   1.5292151e+01   3.3000000e+02   9.9446005e-01   2.0860942e-01
   1.5000000e+00   6.0000000e+01   3.5000000e+01   1.2489363e+01   5.7600000e+02   9.9542031e-01   5.1662048e-01
   1.5000000e+00   6.5000000e+01   5.0000000e+00   1.3199886e+01   2.4200000e+02   9.9542032e-01   1.9497515e-01
   1.5000000e+00   6.5000000e+01   1.5000000e+01   1.4916291e+01   9.0800000e+02   9.9550384e-01   2.0335322e-01
   1.5000000e+00   6.5000000e+01   2.0000000e+01   1.5348489e+01   7.7900000e+02   9.9413887e-01   2.9506532e-01
   1.5000000e+00   6.5000000e+01   2.5000000e+01   1.2259982e+01   6.4300000e+02   9.9662373e-01   4.6801053e-01
   1.5000000e+00   6.5000000e+01   3.0000000e+01   1.1108164e+01   7.3000000e+02   9.9565339e-01   7.1933957e-01
   1.5000000e+00   7.0000000e+01   1.0000000e+01   1.2955357e+01   2.5500000e+02   9.9549919e-01   3.0273641e-01
   1.5000000e+00   7.0000000e+01   1.5000000e+01   1.2279999e+01   6.3900000e+02   9.9559264e-01   4.4092353e-01
   1.5000000e+00   7.0000000e+01   2.0000000e+01   1.4706356e+01   3.3000000e+01   9.9498559e-01   1.5652389e-01
   1.5000000e+00   7.0000000e+01   2.5000000e+01   1.3445052e+01   3.5000000e+02   9.9560947e-01   1.7035645e-01
   1.5000000e+00   7.5000000e+01   5.0000000e+00   1.3322481e+01   9.7200000e+02   9.9436646e-01   2.2248613e-01
   1.5000000e+00   7.5000000e+01   1.0000000e+01   1.4830228e+01   6.8000000e+02   9.9444722e-01   1.3884079e-01
   1.5000000e+00   7.5000000e+01   1.5000000e+01   1.3425878e+01   8.1900000e+02   9.9527307e-01   2.7233897e-01
   1.5000000e+00   7.5000000e+01   2.0000000e+01   1.4036692e+01   3.6600000e+02   9.9486240e-01   1.3088268e-01
   1.5000000e+00   8.0000000e+01   5.0000000e+00   1.6252198e+01   2.9500000e+02   9.9413556e-01   4.0712482e-01
   1.5000000e+00   8.0000000e+01   1.0000000e+01   1.3886893e+01   7.3800000e+02   9.9561529e-01   1.5457717e-01
   1.5000000e+00   8.0000000e+01   1.5000000e+01   1.2788785e+01   6.3000000e+01   9.9596995e-01   3.2772912e-01
   1.5000000e+00   8.5000000e+01   5.0000000e+00   1.4722375e+01   5.5400000e+02   9.9332988e-01   1.1277955e-01
   1.5000000e+00   8.5000000e+01   1.0000000e+01   1.3490209e+01   6.5600000e+02   9.9600166e-01   2.2093817e-01
   1.5000000e+00   9.0000000e+01   5.0000000e+00   1.5128338e+01   7.3200000e+02   9.9389198e-01   1.7394269e-01
   2.0000000e+00   2.5000000e+01   6.5000000e+01   1.7482816e+01   3.1000000e+01   9.9519048e-01   9.0285217e-01
   2.0000000e+00   2.5000000e+01   7.0000000e+01   1.4396968e+01   2.9700000e+02   9.9621108e-01   1.4746298e-01
   2.0000000e+00   3.0000000e+01   4.0000000e+01   1.6977803e+01   2.8700000e+02   9.9316631e-01   7.1322719e-01
   2.0000000e+00   4.0000000e+01   5.5000000e+01   1.7337336e+01   6.7000000e+01   9.9590153e-01   7.0282621e-01
   2.0000000e+00   4.5000000e+01   5.0000000e+01   1.7021724e+01   5.2500000e+02   9.9522942e-01   6.0963433e-01
   2.0000000e+00   5.5000000e+01   4.0000000e+01   1.5415777e+01   9.5000000e+02   9.9616408e-01   3.2156448e-01
   2.0000000e+00   6.5000000e+01   3.0000000e+01   1.7149897e+01   9.2300000e+02   9.9592225e-01   7.0206822e-01
   2.0000000e+00   7.0000000e+01   2.5000000e+01   1.6212348e+01   7.4000000e+02   9.9497642e-01   4.9361727e-01
   2.0000000e+00   7.5000000e+01   2.0000000e+01   1.5026138e+01   9.9000000e+02   9.9580947e-01   2.6494985e-01
