   1.5000000e+00   1.0000000e+01   1.0000000e+01   3.9173764e+01   8.8600000e+02   9.4483359e-01   1.2069973e+00
   1.5000000e+00   1.0000000e+01   1.5000000e+01   3.4894244e+01   5.7600000e+02   9.4294687e-01   9.4371447e-01
   1.5000000e+00   1.0000000e+01   2.0000000e+01   3.6366136e+01   1.7000000e+02   9.2968330e-01   1.0201344e+00
   1.5000000e+00   1.5000000e+01   5.0000000e+00   3.4004394e+01   9.2900000e+02   9.6329239e-01   8.7923786e-01
   1.5000000e+00   1.5000000e+01   1.0000000e+01   3.6498024e+01   5.5100000e+02   9.0059112e-01   1.1486018e+00
   1.5000000e+00   1.5000000e+01   1.5000000e+01   3.3433563e+01   4.5100000e+02   9.5893660e-01   1.0373269e+00
   1.5000000e+00   2.0000000e+01   5.0000000e+00   3.7100817e+01   8.4000000e+01   9.4228243e-01   8.8502324e-01
   1.5000000e+00   2.5000000e+01   5.0000000e+00   3.5562291e+01   8.8000000e+01   9.4661869e-01   9.1096012e-01
   2.0000000e+00   1.0000000e+01   1.5000000e+01   3.6237288e+01   8.7900000e+02   9.2444346e-01   1.0021731e+00
   2.0000000e+00   1.0000000e+01   2.0000000e+01   3.6247455e+01   8.9400000e+02   9.7750715e-01   5.6303186e-01
   2.0000000e+00   1.0000000e+01   3.0000000e+01   3.3051407e+01   2.8400000e+02   9.8137213e-01   9.6735124e-01
   2.0000000e+00   1.0000000e+01   3.5000000e+01   3.4042822e+01   9.6100000e+02   9.8388779e-01   8.3330589e-01
   2.0000000e+00   1.5000000e+01   1.5000000e+01   3.4718509e+01   3.8700000e+02   9.6636790e-01   7.8576278e-01
   2.0000000e+00   1.5000000e+01   2.0000000e+01   3.9732608e+01   3.1400000e+02   9.7165860e-01   7.6351360e-01
   2.0000000e+00   1.5000000e+01   2.5000000e+01   3.6603526e+01   5.8700000e+02   9.8195087e-01   4.9749372e-01
   2.0000000e+00   2.0000000e+01   1.5000000e+01   3.4150432e+01   7.9900000e+02   9.8700858e-01   6.0461349e-01
   2.0000000e+00   2.5000000e+01   1.5000000e+01   3.8770494e+01   7.3600000e+02   9.8170500e-01   5.7072267e-01
   2.0000000e+00   3.0000000e+01   1.0000000e+01   3.6234195e+01   3.6600000e+02   9.8540771e-01   4.5554308e-01
   2.0000000e+00   3.0000000e+01   1.5000000e+01   3.5347803e+01   5.2200000e+02   9.8442927e-01   6.2871341e-01
   2.0000000e+00   3.0000000e+01   2.5000000e+01   3.4326875e+01   4.3000000e+02   9.9046096e-01   7.5862468e-01
   2.0000000e+00   3.5000000e+01   5.0000000e+00   3.4670887e+01   5.0300000e+02   9.7973430e-01   7.4809876e-01
   2.0000000e+00   3.5000000e+01   1.0000000e+01   3.5398609e+01   7.6100000e+02   9.8444935e-01   6.3099606e-01
   2.5000000e+00   1.0000000e+01   3.5000000e+01   3.8518625e+01   8.8900000e+02   9.9376417e-01   5.5172384e-01
   2.5000000e+00   1.0000000e+01   4.0000000e+01   3.9240952e+01   5.3300000e+02   9.9259402e-01   5.4570524e-01
   2.5000000e+00   1.0000000e+01   4.5000000e+01   3.4130112e+01   5.8500000e+02   9.9723589e-01   5.0426040e-01
   2.5000000e+00   1.5000000e+01   3.0000000e+01   3.5101897e+01   1.0200000e+02   9.9638737e-01   2.8052457e-01
   2.5000000e+00   1.5000000e+01   3.5000000e+01   3.6543929e+01   9.2000000e+02   9.8582702e-01   5.2851309e-01
   2.5000000e+00   1.5000000e+01   4.0000000e+01   3.5391602e+01   9.8500000e+02   9.9167223e-01   5.3947937e-01
   2.5000000e+00   1.5000000e+01   4.5000000e+01   3.6184573e+01   7.0500000e+02   9.9698792e-01   2.6268461e-01
   2.5000000e+00   1.5000000e+01   5.0000000e+01   3.4542454e+01   7.0500000e+02   9.9768222e-01   5.2462592e-01
   2.5000000e+00   2.0000000e+01   3.5000000e+01   3.7245843e+01   1.2800000e+02   9.9220385e-01   3.4705358e-01
   2.5000000e+00   2.5000000e+01   1.0000000e+01   3.8746643e+01   1.5800000e+02   9.8618855e-01   6.7230149e-01
   2.5000000e+00   2.5000000e+01   1.5000000e+01   3.8017107e+01   6.5100000e+02   9.9039934e-01   5.1073457e-01
   2.5000000e+00   2.5000000e+01   2.5000000e+01   3.9379870e+01   8.9900000e+02   9.9232310e-01   5.6887317e-01
   2.5000000e+00   2.5000000e+01   3.0000000e+01   3.4745850e+01   2.1200000e+02   9.9399453e-01   5.5877980e-01
   2.5000000e+00   2.5000000e+01   3.5000000e+01   3.6630662e+01   2.8800000e+02   9.9676775e-01   2.1600405e-01
   2.5000000e+00   3.0000000e+01   1.0000000e+01   3.6925961e+01   2.9700000e+02   9.8335470e-01   4.6307257e-01
   2.5000000e+00   3.0000000e+01   2.0000000e+01   3.3290108e+01   2.5400000e+02   9.9202330e-01   7.7631763e-01
   2.5000000e+00   3.0000000e+01   3.5000000e+01   3.3536209e+01   8.4400000e+02   9.9568587e-01   7.9574796e-01
   2.5000000e+00   3.5000000e+01   1.5000000e+01   3.4540000e+01   8.6200000e+02   9.9627891e-01   4.2328758e-01
   2.5000000e+00   3.5000000e+01   2.5000000e+01   3.5713434e+01   7.8800000e+02   9.8851283e-01   6.5001408e-01
   2.5000000e+00   4.0000000e+01   5.0000000e+00   3.4119656e+01   9.9500000e+02   9.8524626e-01   7.7161937e-01
   2.5000000e+00   4.0000000e+01   1.0000000e+01   3.4990415e+01   9.5800000e+02   9.9325411e-01   4.5752144e-01
   2.5000000e+00   4.0000000e+01   1.5000000e+01   3.3904987e+01   4.7000000e+02   9.9616004e-01   6.1605951e-01
   2.5000000e+00   4.5000000e+01   5.0000000e+00   3.8667348e+01   8.0400000e+02   9.9154134e-01   4.5726965e-01
   2.5000000e+00   4.5000000e+01   2.0000000e+01   3.4121794e+01   3.3500000e+02   9.9726146e-01   6.0983605e-01
   2.5000000e+00   5.0000000e+01   5.0000000e+00   3.6748936e+01   2.7700000e+02   9.9349523e-01   3.1142032e-01
   2.5000000e+00   5.0000000e+01   1.0000000e+01   3.7321449e+01   8.0000000e+02   9.9483082e-01   2.8948916e-01
   3.0000000e+00   1.0000000e+01   3.0000000e+01   3.8793453e+01   1.7600000e+02   9.9360629e-01   7.0585887e-01
   3.0000000e+00   1.0000000e+01   4.0000000e+01   3.9015537e+01   7.3000000e+02   9.8893200e-01   5.1063678e-01
   3.0000000e+00   1.0000000e+01   5.5000000e+01   3.7480659e+01   1.1100000e+02   9.9743581e-01   2.3087387e-01
   3.0000000e+00   1.0000000e+01   6.0000000e+01   3.3978424e+01   4.0700000e+02   9.9889129e-01   5.5005670e-01
   3.0000000e+00   1.5000000e+01   3.5000000e+01   3.2819246e+01   6.7500000e+02   9.9708288e-01   6.2755625e-01
   3.0000000e+00   1.5000000e+01   4.0000000e+01   3.5459361e+01   3.5900000e+02   9.9594477e-01   3.1801904e-01
   3.0000000e+00   1.5000000e+01   4.5000000e+01   3.7305627e+01   7.2600000e+02   9.9851994e-01   2.3500653e-01
   3.0000000e+00   1.5000000e+01   5.0000000e+01   3.6507047e+01   9.6600000e+02   9.9898310e-01   1.1428078e-01
   3.0000000e+00   1.5000000e+01   5.5000000e+01   3.6855529e+01   4.0400000e+02   9.9833198e-01   1.7325761e-01
   3.0000000e+00   1.5000000e+01   6.0000000e+01   3.6603209e+01   3.0400000e+02   9.9782586e-01   2.5198439e-01
   3.0000000e+00   2.0000000e+01   3.0000000e+01   3.9012800e+01   1.1000000e+02   9.9712708e-01   7.4678242e-01
   3.0000000e+00   2.0000000e+01   3.5000000e+01   3.9277059e+01   3.9600000e+02   9.9772638e-01   6.8785497e-01
   3.0000000e+00   2.0000000e+01   4.5000000e+01   3.4778407e+01   8.1900000e+02   9.9902628e-01   3.5086374e-01
   3.0000000e+00   2.0000000e+01   5.0000000e+01   3.2994949e+01   4.5900000e+02   9.9838087e-01   7.6292452e-01
   3.0000000e+00   2.0000000e+01   6.0000000e+01   3.3044912e+01   6.5400000e+02   9.9932207e-01   7.2994673e-01
   3.0000000e+00   2.5000000e+01   2.0000000e+01   3.9154791e+01   3.6000000e+02   9.9459888e-01   6.9483030e-01
   3.0000000e+00   2.5000000e+01   3.5000000e+01   3.8870770e+01   9.0100000e+02   9.9576915e-01   4.4453965e-01
   3.0000000e+00   2.5000000e+01   4.0000000e+01   3.3214034e+01   2.2400000e+02   9.9716322e-01   7.4666425e-01
   3.0000000e+00   2.5000000e+01   5.5000000e+01   3.4670858e+01   1.2500000e+02   9.9491632e-01   7.0781803e-01
   3.0000000e+00   3.0000000e+01   1.5000000e+01   3.9101218e+01   8.2800000e+02   9.9613475e-01   8.2062489e-01
   3.0000000e+00   3.0000000e+01   2.0000000e+01   3.9785126e+01   6.5500000e+02   9.9239573e-01   6.3829148e-01
   3.0000000e+00   3.0000000e+01   2.5000000e+01   3.5594779e+01   5.8400000e+02   9.9780548e-01   2.4038600e-01
   3.0000000e+00   3.0000000e+01   3.0000000e+01   3.7826602e+01   4.5100000e+02   9.9828568e-01   3.2574029e-01
   3.0000000e+00   3.0000000e+01   3.5000000e+01   3.3581103e+01   1.0400000e+02   9.9702346e-01   6.9300664e-01
   3.0000000e+00   3.0000000e+01   4.0000000e+01   3.2942690e+01   4.9400000e+02   9.9692092e-01   8.4628826e-01
   3.0000000e+00   3.5000000e+01   5.0000000e+00   3.8696773e+01   9.9500000e+02   9.8766527e-01   5.8658416e-01
   3.0000000e+00   3.5000000e+01   1.0000000e+01   3.3995957e+01   6.4000000e+01   9.9602699e-01   3.8810280e-01
   3.0000000e+00   3.5000000e+01   1.5000000e+01   3.6010932e+01   3.3900000e+02   9.9397244e-01   3.0695438e-01
   3.0000000e+00   3.5000000e+01   2.0000000e+01   3.3937652e+01   7.8300000e+02   9.9716219e-01   5.3675755e-01
   3.0000000e+00   3.5000000e+01   2.5000000e+01   3.8372187e+01   1.0500000e+02   9.9648452e-01   3.6906592e-01
   3.0000000e+00   3.5000000e+01   3.0000000e+01   3.9431127e+01   4.5800000e+02   9.9802563e-01   5.6182166e-01
   3.0000000e+00   3.5000000e+01   3.5000000e+01   3.5515823e+01   9.2900000e+02   9.9940117e-01   2.0361871e-01
   3.0000000e+00   3.5000000e+01   4.0000000e+01   3.5762808e+01   1.4300000e+02   9.9845625e-01   3.0200539e-01
   3.0000000e+00   4.0000000e+01   1.5000000e+01   3.8208759e+01   8.4000000e+02   9.9101038e-01   4.0222876e-01
   3.0000000e+00   4.0000000e+01   2.0000000e+01   3.8935598e+01   6.9300000e+02   9.9736768e-01   4.7451647e-01
   3.0000000e+00   4.5000000e+01   5.0000000e+00   3.6152265e+01   6.3700000e+02   9.9496671e-01   2.6223037e-01
   3.0000000e+00   4.5000000e+01   1.0000000e+01   3.9804950e+01   5.6600000e+02   9.9504959e-01   6.3342841e-01
   3.0000000e+00   4.5000000e+01   1.5000000e+01   3.7267292e+01   9.1200000e+02   9.9776447e-01   2.1861130e-01
   3.0000000e+00   4.5000000e+01   2.0000000e+01   3.8408220e+01   2.1200000e+02   9.9785950e-01   3.5620679e-01
   3.0000000e+00   4.5000000e+01   2.5000000e+01   3.6687109e+01   4.4000000e+01   9.9789213e-01   2.0314792e-01
   3.0000000e+00   5.0000000e+01   5.0000000e+00   3.9213281e+01   3.6500000e+02   9.9604261e-01   5.7926634e-01
   3.0000000e+00   5.0000000e+01   1.0000000e+01   3.5630759e+01   6.9500000e+02   9.9884434e-01   1.5039272e-01
   3.0000000e+00   5.0000000e+01   3.0000000e+01   3.2823800e+01   3.2400000e+02   9.9915218e-01   7.9266716e-01
   3.0000000e+00   5.5000000e+01   5.0000000e+00   3.8697115e+01   1.2300000e+02   9.9868753e-01   6.0686803e-01
   3.0000000e+00   5.5000000e+01   1.0000000e+01   3.5368609e+01   5.0000000e+02   9.9727102e-01   3.8156929e-01
   3.0000000e+00   5.5000000e+01   1.5000000e+01   3.3645645e+01   9.5700000e+02   9.9938857e-01   5.5114163e-01
   3.0000000e+00   6.0000000e+01   5.0000000e+00   3.8311656e+01   7.3900000e+02   9.9734822e-01   3.4006339e-01
   3.0000000e+00   6.0000000e+01   1.5000000e+01   3.3565557e+01   1.4900000e+02   9.9711769e-01   7.5448074e-01
   3.0000000e+00   6.0000000e+01   2.5000000e+01   3.4140863e+01   3.7000000e+01   9.9985568e-01   4.2449223e-01
   3.0000000e+00   6.5000000e+01   5.0000000e+00   3.5079081e+01   5.7500000e+02   9.9789519e-01   4.1985068e-01
   3.0000000e+00   6.5000000e+01   1.5000000e+01   3.3900633e+01   2.7300000e+02   9.9809912e-01   6.6206970e-01
   3.0000000e+00   8.0000000e+01   1.0000000e+01   3.3537156e+01   3.7000000e+01   9.9984832e-01   5.5182435e-01
   3.5000000e+00   1.0000000e+01   4.0000000e+01   3.8541249e+01   4.5000000e+01   9.9431161e-01   9.5240508e-01
   3.5000000e+00   1.0000000e+01   6.0000000e+01   3.7429397e+01   3.2400000e+02   9.9950084e-01   2.5242595e-01
   3.5000000e+00   1.0000000e+01   6.5000000e+01   3.7064328e+01   3.4600000e+02   9.9904812e-01   1.5413189e-01
   3.5000000e+00   1.0000000e+01   7.0000000e+01   3.7254043e+01   1.4800000e+02   9.9941846e-01   1.4715385e-01
   3.5000000e+00   1.0000000e+01   7.5000000e+01   3.4885154e+01   1.2000000e+02   9.9978448e-01   3.1475209e-01
   3.5000000e+00   1.0000000e+01   8.0000000e+01   3.3041623e+01   4.0500000e+02   9.9988771e-01   6.8318463e-01
   3.5000000e+00   1.0000000e+01   8.5000000e+01   3.2966635e+01   7.8800000e+02   9.9849966e-01   8.3938553e-01
   3.5000000e+00   1.5000000e+01   5.0000000e+01   3.5419983e+01   9.2200000e+02   9.9851088e-01   2.3345137e-01
   3.5000000e+00   1.5000000e+01   5.5000000e+01   3.6433284e+01   6.3300000e+02   9.9939137e-01   1.6405919e-01
   3.5000000e+00   1.5000000e+01   6.0000000e+01   3.6800877e+01   8.7700000e+02   9.9976942e-01   1.5835525e-01
   3.5000000e+00   1.5000000e+01   6.5000000e+01   3.4967579e+01   1.4700000e+02   9.9911755e-01   3.8049330e-01
   3.5000000e+00   1.5000000e+01   8.0000000e+01   3.3629979e+01   3.8800000e+02   9.9887525e-01   6.7744067e-01
   3.5000000e+00   2.0000000e+01   4.5000000e+01   3.7143038e+01   2.7400000e+02   9.9909520e-01   2.8204204e-01
   3.5000000e+00   2.0000000e+01   5.0000000e+01   3.5998850e+01   8.0300000e+02   9.9919890e-01   1.3063331e-01
   3.5000000e+00   2.0000000e+01   6.0000000e+01   3.5756028e+01   6.3900000e+02   9.9881313e-01   2.5965308e-01
   3.5000000e+00   2.0000000e+01   7.0000000e+01   3.2990167e+01   7.0400000e+02   9.9771267e-01   8.8049604e-01
   3.5000000e+00   2.5000000e+01   4.0000000e+01   3.8875135e+01   2.7700000e+02   9.9889059e-01   5.8315419e-01
   3.5000000e+00   2.5000000e+01   4.5000000e+01   3.8437509e+01   5.7500000e+02   9.9952824e-01   4.6231827e-01
   3.5000000e+00   2.5000000e+01   5.0000000e+01   3.7575316e+01   3.9800000e+02   9.9932816e-01   2.1400015e-01
   3.5000000e+00   2.5000000e+01   5.5000000e+01   3.4183370e+01   2.9000000e+02   9.9879271e-01   5.5970861e-01
   3.5000000e+00   2.5000000e+01   6.0000000e+01   3.7058847e+01   1.9500000e+02   9.9948699e-01   1.3983578e-01
   3.5000000e+00   2.5000000e+01   6.5000000e+01   3.3257164e+01   3.8100000e+02   9.9970127e-01   6.5749265e-01
   3.5000000e+00   3.0000000e+01   2.5000000e+01   3.9059529e+01   6.9100000e+02   9.9773010e-01   6.3292144e-01
   3.5000000e+00   3.0000000e+01   4.0000000e+01   3.3336516e+01   9.5600000e+02   9.9927510e-01   4.8276909e-01
   3.5000000e+00   3.0000000e+01   5.0000000e+01   3.7125470e+01   8.1500000e+02   9.9984902e-01   2.0319759e-01
   3.5000000e+00   3.0000000e+01   6.0000000e+01   3.7272272e+01   4.8100000e+02   9.9865315e-01   2.0319082e-01
   3.5000000e+00   3.5000000e+01   2.5000000e+01   3.9640559e+01   9.1200000e+02   9.9831472e-01   6.9575126e-01
   3.5000000e+00   3.5000000e+01   3.0000000e+01   3.6577312e+01   4.4400000e+02   9.9872616e-01   3.0591792e-01
   3.5000000e+00   3.5000000e+01   3.5000000e+01   3.4694222e+01   2.8500000e+02   9.9935605e-01   2.3392967e-01
   3.5000000e+00   3.5000000e+01   4.5000000e+01   3.8036109e+01   9.5300000e+02   9.9907830e-01   2.6985383e-01
   3.5000000e+00   4.0000000e+01   3.0000000e+01   3.5592190e+01   8.5200000e+02   9.9873674e-01   2.3938872e-01
   3.5000000e+00   4.0000000e+01   3.5000000e+01   3.4327057e+01   2.6800000e+02   9.9906109e-01   4.7688893e-01
   3.5000000e+00   4.0000000e+01   4.0000000e+01   3.4530505e+01   3.4000000e+01   9.9974528e-01   3.7300756e-01
   3.5000000e+00   4.0000000e+01   4.5000000e+01   3.7076242e+01   5.5600000e+02   9.9823510e-01   2.1049494e-01
   3.5000000e+00   4.0000000e+01   5.0000000e+01   3.4062169e+01   8.9100000e+02   9.9855873e-01   6.1916893e-01
   3.5000000e+00   4.0000000e+01   5.5000000e+01   3.4584969e+01   9.0900000e+02   9.9967873e-01   4.2108893e-01
   3.5000000e+00   4.5000000e+01   5.0000000e+00   3.9117637e+01   8.5000000e+02   9.9697806e-01   7.9536962e-01
   3.5000000e+00   4.5000000e+01   1.5000000e+01   3.9012363e+01   9.6800000e+02   9.9824187e-01   5.6575384e-01
   3.5000000e+00   4.5000000e+01   2.0000000e+01   3.5264026e+01   9.6300000e+02   9.9592308e-01   4.3833532e-01
   3.5000000e+00   4.5000000e+01   2.5000000e+01   3.7105621e+01   2.2700000e+02   9.9897317e-01   1.5738890e-01
   3.5000000e+00   4.5000000e+01   3.5000000e+01   3.8454858e+01   9.3600000e+02   9.9961494e-01   3.8283629e-01
   3.5000000e+00   4.5000000e+01   4.0000000e+01   3.5311241e+01   7.7600000e+02   9.9972586e-01   1.3951887e-01
   3.5000000e+00   5.0000000e+01   1.0000000e+01   3.6987654e+01   3.6000000e+02   9.9846970e-01   3.1733987e-01
   3.5000000e+00   5.0000000e+01   1.5000000e+01   3.9305865e+01   8.9800000e+02   9.9882429e-01   6.1344885e-01
   3.5000000e+00   5.0000000e+01   2.0000000e+01   3.6549398e+01   5.1800000e+02   9.9899206e-01   1.1315457e-01
   3.5000000e+00   5.0000000e+01   2.5000000e+01   3.5416097e+01   6.9000000e+01   9.9975823e-01   1.5004664e-01
   3.5000000e+00   5.0000000e+01   3.0000000e+01   3.5018366e+01   1.3200000e+02   9.9903380e-01   3.8520768e-01
   3.5000000e+00   5.0000000e+01   3.5000000e+01   3.2976812e+01   2.8000000e+02   9.9970815e-01   5.5885801e-01
   3.5000000e+00   5.5000000e+01   1.0000000e+01   3.5832753e+01   8.7300000e+02   9.9828022e-01   2.5631415e-01
   3.5000000e+00   5.5000000e+01   2.0000000e+01   3.7394844e+01   2.9800000e+02   9.9971884e-01   2.6484665e-01
   3.5000000e+00   5.5000000e+01   3.0000000e+01   3.5553577e+01   6.2300000e+02   9.9972581e-01   2.1502358e-01
   3.5000000e+00   5.5000000e+01   3.5000000e+01   3.4884832e+01   6.1500000e+02   9.9993505e-01   2.7311879e-01
   3.5000000e+00   6.0000000e+01   5.0000000e+00   3.8599014e+01   6.1400000e+02   9.9783795e-01   4.1038339e-01
   3.5000000e+00   6.0000000e+01   1.0000000e+01   3.7641327e+01   9.7000000e+02   9.9926180e-01   2.6887280e-01
   3.5000000e+00   6.0000000e+01   1.5000000e+01   3.7153105e+01   8.0400000e+02   9.9962102e-01   1.6604234e-01
   3.5000000e+00   6.0000000e+01   3.0000000e+01   3.4100068e+01   3.9800000e+02   9.9918899e-01   5.6780188e-01
   3.5000000e+00   6.5000000e+01   5.0000000e+00   3.7131418e+01   7.2700000e+02   9.9925700e-01   1.9191844e-01
   3.5000000e+00   6.5000000e+01   1.0000000e+01   3.8898220e+01   6.8000000e+01   9.9927004e-01   4.6923099e-01
   3.5000000e+00   6.5000000e+01   1.5000000e+01   3.6169744e+01   6.9700000e+02   9.9988122e-01   5.3024159e-02
   3.5000000e+00   6.5000000e+01   2.0000000e+01   3.3620547e+01   7.2300000e+02   9.9992062e-01   4.8809582e-01
   3.5000000e+00   7.0000000e+01   5.0000000e+00   3.6950367e+01   5.0300000e+02   9.9953187e-01   1.1747830e-01
   3.5000000e+00   7.0000000e+01   1.0000000e+01   3.7040743e+01   8.0000000e+00   9.9898479e-01   1.3899740e-01
   3.5000000e+00   7.0000000e+01   1.5000000e+01   3.8561023e+01   1.6200000e+02   9.9835491e-01   3.4896607e-01
   3.5000000e+00   7.0000000e+01   2.0000000e+01   3.7713383e+01   2.0400000e+02   9.9898889e-01   2.1807471e-01
   3.5000000e+00   7.0000000e+01   2.5000000e+01   3.5445962e+01   9.3600000e+02   9.9961328e-01   2.7795951e-01
   3.5000000e+00   7.5000000e+01   1.0000000e+01   3.5745880e+01   8.2700000e+02   9.9984046e-01   1.1162777e-01
   3.5000000e+00   7.5000000e+01   1.5000000e+01   3.5085747e+01   1.7500000e+02   9.9844999e-01   4.3996571e-01
   3.5000000e+00   7.5000000e+01   2.0000000e+01   3.4337024e+01   7.4600000e+02   9.9992524e-01   3.9582753e-01
   3.5000000e+00   8.0000000e+01   1.0000000e+01   3.3235132e+01   3.9500000e+02   9.9992863e-01   5.9341596e-01
   3.5000000e+00   8.5000000e+01   1.0000000e+01   3.4519214e+01   6.3000000e+02   9.9971202e-01   2.7627695e-01
   3.5000000e+00   9.0000000e+01   5.0000000e+00   3.4000902e+01   9.4000000e+02   9.9962315e-01   5.1214994e-01
   4.0000000e+00   1.0000000e+01   5.5000000e+01   3.8882007e+01   8.7800000e+02   9.9826755e-01   7.7134970e-01
   4.0000000e+00   1.0000000e+01   6.5000000e+01   3.9186424e+01   4.2100000e+02   9.9952139e-01   6.7772610e-01
   4.0000000e+00   1.0000000e+01   7.0000000e+01   3.9565771e+01   1.3800000e+02   9.9981734e-01   6.9298412e-01
   4.0000000e+00   1.0000000e+01   7.5000000e+01   3.7704924e+01   3.2600000e+02   9.9973162e-01   3.7220209e-01
   4.0000000e+00   1.0000000e+01   8.5000000e+01   3.3251915e+01   3.9000000e+02   9.9984215e-01   6.3147054e-01
   4.0000000e+00   1.5000000e+01   5.5000000e+01   3.8944372e+01   2.9300000e+02   9.9925293e-01   6.3606384e-01
   4.0000000e+00   1.5000000e+01   7.0000000e+01   3.8129944e+01   7.5500000e+02   9.9986270e-01   3.7822176e-01
   4.0000000e+00   1.5000000e+01   7.5000000e+01   3.6314681e+01   2.8700000e+02   9.9999700e-01   6.7672178e-03
   4.0000000e+00   1.5000000e+01   8.0000000e+01   3.4691343e+01   9.1200000e+02   9.9985192e-01   3.4933122e-01
   4.0000000e+00   2.0000000e+01   4.5000000e+01   3.8107884e+01   7.3300000e+02   9.9834184e-01   6.0590124e-01
   4.0000000e+00   2.0000000e+01   5.0000000e+01   3.9024594e+01   4.0100000e+02   9.9851037e-01   7.7787569e-01
   4.0000000e+00   2.0000000e+01   5.5000000e+01   3.9274298e+01   6.5400000e+02   9.9901670e-01   7.7931379e-01
   4.0000000e+00   2.0000000e+01   6.5000000e+01   3.6689140e+01   3.2400000e+02   9.9961808e-01   2.1517552e-01
   4.0000000e+00   2.0000000e+01   7.0000000e+01   3.6801257e+01   5.3400000e+02   9.9957387e-01   2.3043205e-01
   4.0000000e+00   2.0000000e+01   7.5000000e+01   3.3929956e+01   4.0300000e+02   9.9989878e-01   4.0189200e-01
   4.0000000e+00   2.5000000e+01   4.5000000e+01   3.9000182e+01   4.0900000e+02   9.9806655e-01   8.0056569e-01
   4.0000000e+00   2.5000000e+01   6.0000000e+01   3.5629793e+01   1.5500000e+02   9.9988709e-01   1.0055595e-01
   4.0000000e+00   2.5000000e+01   7.0000000e+01   3.4128191e+01   8.7900000e+02   9.9965005e-01   4.9147558e-01
   4.0000000e+00   3.0000000e+01   4.5000000e+01   3.9443865e+01   9.4700000e+02   9.9939339e-01   6.2181701e-01
   4.0000000e+00   3.0000000e+01   6.0000000e+01   3.6322316e+01   6.1000000e+02   9.9960674e-01   9.7790749e-02
   4.0000000e+00   3.5000000e+01   3.0000000e+01   3.9568655e+01   7.3500000e+02   9.9704722e-01   9.9879177e-01
   4.0000000e+00   3.5000000e+01   4.0000000e+01   3.9475800e+01   5.0000000e+02   9.9923687e-01   7.8593613e-01
   4.0000000e+00   3.5000000e+01   4.5000000e+01   3.6742321e+01   2.7000000e+02   9.9945245e-01   9.5656710e-02
   4.0000000e+00   3.5000000e+01   5.0000000e+01   3.7398613e+01   8.6000000e+02   9.9990079e-01   2.5385075e-01
   4.0000000e+00   3.5000000e+01   5.5000000e+01   3.3277459e+01   3.0000000e+00   9.9878291e-01   4.4304196e-01
   4.0000000e+00   3.5000000e+01   6.0000000e+01   3.6347356e+01   5.8300000e+02   9.9862047e-01   2.3889784e-01
   4.0000000e+00   4.0000000e+01   3.0000000e+01   3.9703215e+01   1.1900000e+02   9.9935840e-01   7.1396762e-01
   4.0000000e+00   4.0000000e+01   4.0000000e+01   3.9512653e+01   3.0200000e+02   9.9972141e-01   6.8670684e-01
   4.0000000e+00   4.0000000e+01   4.5000000e+01   3.8807157e+01   7.7900000e+02   9.9988063e-01   5.0995017e-01
   4.0000000e+00   4.0000000e+01   5.0000000e+01   3.8998594e+01   5.1600000e+02   9.9994280e-01   5.3525593e-01
   4.0000000e+00   4.0000000e+01   5.5000000e+01   3.3124318e+01   2.0100000e+02   9.9992122e-01   6.2712947e-01
   4.0000000e+00   4.5000000e+01   2.0000000e+01   3.8964359e+01   5.2500000e+02   9.9764976e-01   8.3338159e-01
   4.0000000e+00   4.5000000e+01   2.5000000e+01   3.8881875e+01   1.2900000e+02   9.9712720e-01   8.6559243e-01
   4.0000000e+00   4.5000000e+01   3.0000000e+01   3.3669191e+01   3.3300000e+02   9.9959452e-01   5.1877640e-01
   4.0000000e+00   4.5000000e+01   4.0000000e+01   3.5826794e+01   2.4100000e+02   9.9977287e-01   1.3856721e-01
   4.0000000e+00   4.5000000e+01   4.5000000e+01   3.7074296e+01   7.9300000e+02   9.9991592e-01   1.5983316e-01
   4.0000000e+00   4.5000000e+01   5.0000000e+01   3.8445776e+01   6.8700000e+02   9.9978910e-01   3.7317469e-01
   4.0000000e+00   5.0000000e+01   1.0000000e+01   3.9753442e+01   2.3800000e+02   9.9840188e-01   8.8008795e-01
   4.0000000e+00   5.0000000e+01   2.5000000e+01   3.8456093e+01   3.0800000e+02   9.9857481e-01   6.6705784e-01
   4.0000000e+00   5.0000000e+01   3.0000000e+01   3.8656400e+01   8.1300000e+02   9.9923316e-01   4.0341528e-01
   4.0000000e+00   5.0000000e+01   3.5000000e+01   3.5843827e+01   4.8200000e+02   9.9975673e-01   1.4695233e-01
   4.0000000e+00   5.0000000e+01   4.0000000e+01   3.6669995e+01   5.2900000e+02   9.9993102e-01   1.2361418e-01
   4.0000000e+00   5.0000000e+01   4.5000000e+01   3.3888156e+01   5.2500000e+02   9.9928050e-01   3.5596207e-01
   4.0000000e+00   5.5000000e+01   1.5000000e+01   3.8095667e+01   3.0700000e+02   9.9880250e-01   5.7022366e-01
   4.0000000e+00   5.5000000e+01   2.5000000e+01   3.7197866e+01   3.1800000e+02   9.9893196e-01   1.5614866e-01
   4.0000000e+00   5.5000000e+01   4.0000000e+01   3.7227235e+01   9.9900000e+02   9.9994863e-01   2.2382192e-01
   4.0000000e+00   6.0000000e+01   1.0000000e+01   3.7492533e+01   6.7200000e+02   9.9931301e-01   3.1767229e-01
   4.0000000e+00   6.0000000e+01   1.5000000e+01   3.8137538e+01   3.7800000e+02   9.9958095e-01   3.7884841e-01
   4.0000000e+00   6.0000000e+01   3.0000000e+01   3.5851240e+01   9.4700000e+02   9.9979504e-01   1.2704874e-01
   4.0000000e+00   6.0000000e+01   3.5000000e+01   3.7145659e+01   3.6900000e+02   9.9996888e-01   1.5422399e-01
   4.0000000e+00   6.5000000e+01   2.5000000e+01   3.4325956e+01   2.2700000e+02   9.9991501e-01   3.8177517e-01
   4.0000000e+00   6.5000000e+01   3.0000000e+01   3.6697094e+01   2.7600000e+02   9.9966398e-01   1.9358190e-01
   4.0000000e+00   7.0000000e+01   1.0000000e+01   3.9655722e+01   1.8000000e+02   9.9941478e-01   8.0575181e-01
   4.0000000e+00   7.0000000e+01   1.5000000e+01   3.8618681e+01   5.4400000e+02   9.9975142e-01   5.4577217e-01
   4.0000000e+00   7.0000000e+01   2.0000000e+01   3.4582151e+01   5.7800000e+02   9.9990256e-01   2.8622537e-01
   4.0000000e+00   7.0000000e+01   2.5000000e+01   3.5659296e+01   1.1100000e+02   9.9997304e-01   1.3050956e-01
   4.0000000e+00   7.5000000e+01   1.0000000e+01   3.7590964e+01   5.9400000e+02   9.9986079e-01   3.1675046e-01
   4.0000000e+00   7.5000000e+01   1.5000000e+01   3.5319330e+01   3.0500000e+02   9.9983658e-01   1.3749655e-01
   4.0000000e+00   7.5000000e+01   2.0000000e+01   3.3166349e+01   4.9600000e+02   9.9977264e-01   6.5118389e-01
   4.0000000e+00   8.0000000e+01   5.0000000e+00   3.6128190e+01   3.5200000e+02   9.9914829e-01   1.6440564e-01
   4.0000000e+00   8.0000000e+01   1.0000000e+01   3.9159575e+01   8.0200000e+02   9.9970547e-01   6.5491843e-01
   4.0000000e+00   8.0000000e+01   1.5000000e+01   3.4252463e+01   9.8700000e+02   9.9997224e-01   3.6899590e-01
   4.0000000e+00   8.5000000e+01   5.0000000e+00   3.5595160e+01   3.5500000e+02   9.9859736e-01   1.8969805e-01
   4.0000000e+00   8.5000000e+01   1.0000000e+01   3.7204303e+01   8.0000000e+02   9.9981530e-01   1.3261514e-01
   4.0000000e+00   9.0000000e+01   5.0000000e+00   3.8963300e+01   6.2300000e+02   9.9996124e-01   5.3360530e-01
   4.5000000e+00   1.0000000e+01   7.0000000e+01   3.6761861e+01   4.9600000e+02   9.9977959e-01   1.5212204e-01
   4.5000000e+00   1.0000000e+01   7.5000000e+01   3.4985680e+01   9.9500000e+02   9.9980198e-01   2.3566898e-01
   4.5000000e+00   1.0000000e+01   8.0000000e+01   3.9695852e+01   4.0000000e+01   9.9929715e-01   8.3794714e-01
   4.5000000e+00   1.0000000e+01   8.5000000e+01   3.8799696e+01   9.4600000e+02   9.9970896e-01   5.9515038e-01
   4.5000000e+00   1.5000000e+01   5.5000000e+01   3.8584576e+01   3.7300000e+02   9.9690025e-01   8.3412878e-01
   4.5000000e+00   1.5000000e+01   6.5000000e+01   3.6842980e+01   3.7300000e+02   9.9775263e-01   4.6013932e-01
   4.5000000e+00   1.5000000e+01   7.0000000e+01   3.8934611e+01   8.6900000e+02   9.9978531e-01   5.1589049e-01
   4.5000000e+00   1.5000000e+01   7.5000000e+01   3.6729914e+01   2.0000000e+02   9.9988514e-01   1.6088057e-01
   4.5000000e+00   1.5000000e+01   8.0000000e+01   3.5032721e+01   7.8300000e+02   9.9985519e-01   2.0514969e-01
   4.5000000e+00   2.0000000e+01   7.0000000e+01   3.8896343e+01   3.8300000e+02   9.9762458e-01   8.3460453e-01
   4.5000000e+00   2.0000000e+01   7.5000000e+01   3.6675824e+01   2.4300000e+02   9.9994177e-01   5.6882073e-02
   4.5000000e+00   2.5000000e+01   5.0000000e+01   3.9747934e+01   5.7800000e+02   9.9775880e-01   9.9490883e-01
   4.5000000e+00   3.0000000e+01   5.5000000e+01   3.9726644e+01   2.7000000e+01   9.9785419e-01   9.7099810e-01
   4.5000000e+00   3.0000000e+01   6.5000000e+01   3.9015710e+01   6.1100000e+02   9.9953196e-01   6.6159294e-01
   4.5000000e+00   3.5000000e+01   4.0000000e+01   3.8264250e+01   5.3600000e+02   9.9894342e-01   5.9934782e-01
   4.5000000e+00   3.5000000e+01   6.0000000e+01   3.3810770e+01   8.3800000e+02   9.9992661e-01   4.4622904e-01
   4.5000000e+00   4.0000000e+01   4.5000000e+01   3.5079265e+01   6.5800000e+02   9.9983523e-01   2.0852147e-01
   4.5000000e+00   4.0000000e+01   5.0000000e+01   3.9523762e+01   8.6400000e+02   9.9986732e-01   6.2150579e-01
   4.5000000e+00   4.0000000e+01   5.5000000e+01   3.7597805e+01   4.1800000e+02   9.9948699e-01   4.0058047e-01
   4.5000000e+00   4.5000000e+01   3.5000000e+01   3.9620562e+01   2.9900000e+02   9.9961510e-01   6.5785860e-01
   4.5000000e+00   4.5000000e+01   4.0000000e+01   3.9206895e+01   7.6400000e+02   9.9976698e-01   5.8589891e-01
   4.5000000e+00   5.0000000e+01   4.5000000e+01   3.7610047e+01   2.9600000e+02   9.9971109e-01   3.6344135e-01
   4.5000000e+00   5.5000000e+01   2.5000000e+01   3.7430858e+01   2.7800000e+02   9.9948349e-01   2.5661877e-01
   4.5000000e+00   5.5000000e+01   4.0000000e+01   3.8493645e+01   8.7000000e+02   9.9994992e-01   4.5199835e-01
   4.5000000e+00   6.0000000e+01   2.5000000e+01   3.7939377e+01   4.5900000e+02   9.9798962e-01   6.2671119e-01
   4.5000000e+00   6.0000000e+01   3.0000000e+01   3.6299976e+01   6.0700000e+02   9.9947699e-01   1.8627230e-01
   4.5000000e+00   6.0000000e+01   3.5000000e+01   3.9678336e+01   3.4600000e+02   9.9955326e-01   7.6322553e-01
   4.5000000e+00   6.5000000e+01   2.5000000e+01   3.7263339e+01   2.0200000e+02   9.9971998e-01   2.0683925e-01
   4.5000000e+00   6.5000000e+01   3.0000000e+01   3.9562196e+01   9.6600000e+02   9.9992232e-01   6.4625131e-01
   4.5000000e+00   7.0000000e+01   2.5000000e+01   3.5488323e+01   5.0800000e+02   9.9837725e-01   2.1550347e-01
   4.5000000e+00   7.5000000e+01   1.5000000e+01   3.7918464e+01   3.9600000e+02   9.9813374e-01   6.0880386e-01
   4.5000000e+00   8.0000000e+01   5.0000000e+00   3.7571211e+01   5.2100000e+02   9.9983940e-01   3.2948343e-01
   4.5000000e+00   8.5000000e+01   1.0000000e+01   3.9602836e+01   6.9000000e+02   9.9879687e-01   8.6709967e-01
   4.5000000e+00   9.0000000e+01   5.0000000e+00   3.5427153e+01   9.8900000e+02   9.9981096e-01   1.1913006e-01
   5.0000000e+00   3.5000000e+01   5.0000000e+01   3.9747004e+01   7.6900000e+02   9.9960156e-01   7.9624123e-01
   5.0000000e+00   4.0000000e+01   5.0000000e+01   3.6807998e+01   5.6900000e+02   9.9990145e-01   1.7122982e-01
   5.0000000e+00   4.0000000e+01   5.5000000e+01   3.8368429e+01   2.5400000e+02   9.9937129e-01   5.8016392e-01
   5.0000000e+00   5.0000000e+01   4.5000000e+01   3.9499964e+01   6.5100000e+02   9.9979299e-01   7.2953612e-01
   5.0000000e+00   6.0000000e+01   3.0000000e+01   3.8219405e+01   3.0000000e+00   9.9863654e-01   6.3012202e-01
   5.0000000e+00   6.0000000e+01   3.5000000e+01   3.6171730e+01   6.8000000e+02   9.9750880e-01   3.8200360e-01
   5.0000000e+00   7.0000000e+01   2.5000000e+01   3.8595893e+01   2.4000000e+01   9.9835365e-01   7.2077241e-01
