   2.5000000e+00   4.5000000e+01   4.0000000e+01   2.2894895e+01   5.1700000e+02   9.9916751e-01   7.7831996e-02
   1.0000000e+00   1.0000000e+01   1.5000000e+01   2.2953986e+01   1.3000000e+01   9.0647104e-01   7.1979393e-01
   1.0000000e+00   2.0000000e+01   1.0000000e+01   2.0126293e+01   5.1300000e+02   9.3117260e-01   1.0796953e+00
   1.0000000e+00   2.0000000e+01   1.5000000e+01   2.0624958e+01   9.9200000e+02   9.6118562e-01   9.7385758e-01
   1.0000000e+00   2.5000000e+01   5.0000000e+00   2.3609373e+01   8.1200000e+02   9.3096904e-01   5.7815750e-01
   1.0000000e+00   3.0000000e+01   5.0000000e+00   1.9911269e+01   7.5700000e+02   9.7860168e-01   7.8592148e-01
   1.5000000e+00   1.0000000e+01   2.5000000e+01   2.1873743e+01   6.6300000e+02   9.8334390e-01   3.8614727e-01
   1.5000000e+00   1.0000000e+01   3.0000000e+01   2.1804794e+01   1.0000000e+00   9.8265634e-01   3.7238246e-01
   1.5000000e+00   1.0000000e+01   3.5000000e+01   2.4805168e+01   6.1700000e+02   9.7811662e-01   3.4922005e-01
   1.5000000e+00   1.0000000e+01   4.0000000e+01   2.1504988e+01   2.2900000e+02   9.9181548e-01   4.0640962e-01
   1.5000000e+00   1.0000000e+01   4.5000000e+01   1.9785977e+01   5.1600000e+02   9.9350454e-01   7.9284748e-01
   1.5000000e+00   1.0000000e+01   5.0000000e+01   2.1336837e+01   6.7400000e+02   9.9682613e-01   5.2393243e-01
   1.5000000e+00   1.0000000e+01   5.5000000e+01   2.2128132e+01   2.8900000e+02   9.9746877e-01   3.3889462e-01
   1.5000000e+00   1.5000000e+01   3.0000000e+01   2.1751458e+01   8.2700000e+02   9.8740964e-01   2.8098483e-01
   1.5000000e+00   1.5000000e+01   3.5000000e+01   2.2562441e+01   6.9000000e+01   9.9005160e-01   3.8057630e-01
   1.5000000e+00   1.5000000e+01   4.0000000e+01   2.0144332e+01   5.4300000e+02   9.9636118e-01   7.4580510e-01
   1.5000000e+00   1.5000000e+01   4.5000000e+01   2.0127484e+01   6.6100000e+02   9.9451901e-01   6.9910626e-01
   1.5000000e+00   2.0000000e+01   1.5000000e+01   2.5560031e+01   7.5600000e+02   9.7161712e-01   6.1241273e-01
   1.5000000e+00   2.0000000e+01   2.0000000e+01   2.4629568e+01   1.7900000e+02   9.7795115e-01   4.5747134e-01
   1.5000000e+00   2.0000000e+01   2.5000000e+01   2.5189380e+01   2.6000000e+01   9.8306850e-01   3.3370820e-01
   1.5000000e+00   2.0000000e+01   3.0000000e+01   2.3891017e+01   9.7400000e+02   9.8916562e-01   2.1925328e-01
   1.5000000e+00   2.0000000e+01   3.5000000e+01   2.2659295e+01   5.9000000e+01   9.9090634e-01   2.1060273e-01
   1.5000000e+00   2.0000000e+01   4.0000000e+01   2.0831208e+01   4.1000000e+01   9.9672203e-01   6.1717121e-01
   1.5000000e+00   2.5000000e+01   1.5000000e+01   2.4516001e+01   8.1400000e+02   9.7179036e-01   3.4798588e-01
   1.5000000e+00   2.5000000e+01   2.0000000e+01   2.4098992e+01   8.1300000e+02   9.8196049e-01   2.7708712e-01
   1.5000000e+00   2.5000000e+01   3.0000000e+01   2.3502448e+01   1.9400000e+02   9.9062411e-01   3.2745958e-01
   1.5000000e+00   2.5000000e+01   3.5000000e+01   2.2271022e+01   7.5700000e+02   9.9595638e-01   2.4648517e-01
   1.5000000e+00   3.0000000e+01   1.0000000e+01   2.4793237e+01   1.0800000e+02   9.7579699e-01   3.5509778e-01
   1.5000000e+00   3.0000000e+01   1.5000000e+01   2.3050038e+01   4.1800000e+02   9.8744083e-01   2.5114317e-01
   1.5000000e+00   3.0000000e+01   2.0000000e+01   2.0472339e+01   8.2100000e+02   9.9522068e-01   7.2539089e-01
   1.5000000e+00   3.0000000e+01   2.5000000e+01   2.0679848e+01   8.3200000e+02   9.9527435e-01   6.4183414e-01
   1.5000000e+00   3.5000000e+01   1.0000000e+01   2.3690735e+01   4.4500000e+02   9.8328550e-01   2.9523200e-01
   1.5000000e+00   4.0000000e+01   5.0000000e+00   2.1749402e+01   9.3400000e+02   9.8898751e-01   4.0323490e-01
   1.5000000e+00   4.0000000e+01   1.0000000e+01   2.3949827e+01   9.8500000e+02   9.8994959e-01   2.1027188e-01
   1.5000000e+00   4.0000000e+01   1.5000000e+01   1.9723420e+01   3.7900000e+02   9.9584422e-01   8.8017641e-01
   1.5000000e+00   4.0000000e+01   2.0000000e+01   1.9642191e+01   4.8000000e+01   9.9684119e-01   7.5022377e-01
   1.5000000e+00   4.5000000e+01   5.0000000e+00   2.1740589e+01   3.4000000e+02   9.8815935e-01   4.3600812e-01
   1.5000000e+00   4.5000000e+01   1.0000000e+01   2.1279907e+01   8.1900000e+02   9.9438617e-01   6.4539224e-01
   1.5000000e+00   4.5000000e+01   1.5000000e+01   2.2491202e+01   2.2000000e+02   9.9481109e-01   1.9922374e-01
   1.5000000e+00   5.0000000e+01   5.0000000e+00   2.4681023e+01   2.9500000e+02   9.9026833e-01   2.1800403e-01
   1.5000000e+00   5.0000000e+01   1.0000000e+01   2.0139379e+01   9.7400000e+02   9.9721122e-01   7.9793736e-01
   2.0000000e+00   1.0000000e+01   5.5000000e+01   2.3617150e+01   3.9300000e+02   9.9713973e-01   1.1942121e-01
   2.0000000e+00   1.0000000e+01   6.0000000e+01   2.3467369e+01   3.4700000e+02   9.9869982e-01   8.0749680e-02
   2.0000000e+00   1.0000000e+01   6.5000000e+01   2.2882049e+01   2.2900000e+02   9.9824373e-01   1.5385059e-01
   2.0000000e+00   1.0000000e+01   7.0000000e+01   2.1724377e+01   6.7600000e+02   9.9894815e-01   2.9417721e-01
   2.0000000e+00   1.0000000e+01   7.5000000e+01   2.0030557e+01   8.2100000e+02   9.9794425e-01   5.8126071e-01
   2.0000000e+00   1.5000000e+01   4.0000000e+01   2.5697703e+01   8.9300000e+02   9.9159507e-01   5.2809837e-01
   2.0000000e+00   1.5000000e+01   4.5000000e+01   2.2726810e+01   4.2300000e+02   9.9696839e-01   1.9060616e-01
   2.0000000e+00   1.5000000e+01   5.0000000e+01   2.3672688e+01   9.4400000e+02   9.9751092e-01   1.2552156e-01
   2.0000000e+00   1.5000000e+01   5.5000000e+01   2.1240179e+01   3.5300000e+02   9.9879476e-01   4.9217097e-01
   2.0000000e+00   1.5000000e+01   6.0000000e+01   1.9480774e+01   7.5000000e+02   9.9746131e-01   6.9504844e-01
   2.0000000e+00   1.5000000e+01   6.5000000e+01   1.9779717e+01   2.0700000e+02   9.9922159e-01   7.2074323e-01
   2.0000000e+00   1.5000000e+01   7.0000000e+01   2.1910120e+01   1.9500000e+02   9.9947415e-01   3.2988434e-01
   2.0000000e+00   1.5000000e+01   7.5000000e+01   2.0567041e+01   7.1000000e+02   9.9957256e-01   6.6185377e-01
   2.0000000e+00   2.0000000e+01   4.0000000e+01   2.4637551e+01   7.6500000e+02   9.9427211e-01   5.0400893e-01
   2.0000000e+00   2.0000000e+01   4.5000000e+01   2.0814594e+01   1.2600000e+02   9.9745941e-01   4.8975174e-01
   2.0000000e+00   2.0000000e+01   5.0000000e+01   2.2553643e+01   3.0300000e+02   9.9782180e-01   1.3841631e-01
   2.0000000e+00   2.0000000e+01   5.5000000e+01   2.1500012e+01   7.5200000e+02   9.9845222e-01   3.6133267e-01
   2.0000000e+00   2.0000000e+01   6.0000000e+01   2.0961403e+01   3.5900000e+02   9.9897683e-01   4.8866555e-01
   2.0000000e+00   2.0000000e+01   6.5000000e+01   2.0871107e+01   9.3300000e+02   9.9965165e-01   5.8734141e-01
   2.0000000e+00   2.0000000e+01   7.0000000e+01   1.9797507e+01   2.2100000e+02   9.9923470e-01   7.2533918e-01
   2.0000000e+00   2.0000000e+01   7.5000000e+01   2.0264517e+01   1.7000000e+02   9.9958531e-01   7.1446617e-01
   2.0000000e+00   2.5000000e+01   3.5000000e+01   2.3999885e+01   3.6000000e+01   9.9271920e-01   3.7229197e-01
   2.0000000e+00   2.5000000e+01   4.0000000e+01   2.3983546e+01   7.3800000e+02   9.9636071e-01   1.7208765e-01
   2.0000000e+00   2.5000000e+01   4.5000000e+01   2.4181991e+01   3.4800000e+02   9.9532936e-01   3.7294576e-01
   2.0000000e+00   2.5000000e+01   5.0000000e+01   2.5303138e+01   2.5300000e+02   9.9841077e-01   4.0511180e-01
   2.0000000e+00   2.5000000e+01   5.5000000e+01   2.0905861e+01   7.0000000e+00   9.9946815e-01   5.2904227e-01
   2.0000000e+00   2.5000000e+01   6.0000000e+01   2.1818997e+01   8.5800000e+02   9.9934823e-01   3.3808852e-01
   2.0000000e+00   3.0000000e+01   3.0000000e+01   2.3712687e+01   7.4900000e+02   9.9366917e-01   3.4666457e-01
   2.0000000e+00   3.0000000e+01   3.5000000e+01   2.4248068e+01   6.2700000e+02   9.9758618e-01   1.9261463e-01
   2.0000000e+00   3.0000000e+01   4.5000000e+01   2.3794591e+01   3.8200000e+02   9.9822639e-01   1.1306441e-01
   2.0000000e+00   3.0000000e+01   5.0000000e+01   2.1858374e+01   8.7400000e+02   9.9960964e-01   4.0014040e-01
   2.0000000e+00   3.0000000e+01   6.0000000e+01   2.0485587e+01   5.8900000e+02   9.9885891e-01   5.1989857e-01
   2.0000000e+00   3.5000000e+01   3.0000000e+01   2.3867022e+01   6.6900000e+02   9.9800636e-01   1.1195207e-01
   2.0000000e+00   3.5000000e+01   3.5000000e+01   2.2406943e+01   2.9600000e+02   9.9840670e-01   1.9875381e-01
   2.0000000e+00   3.5000000e+01   4.0000000e+01   2.2474548e+01   8.9500000e+02   9.9928587e-01   2.6824938e-01
   2.0000000e+00   3.5000000e+01   5.0000000e+01   2.3478682e+01   9.4900000e+02   9.9957844e-01   1.7544833e-01
   2.0000000e+00   3.5000000e+01   6.0000000e+01   2.1297909e+01   9.6700000e+02   9.9938658e-01   4.2203969e-01
   2.0000000e+00   4.0000000e+01   1.5000000e+01   2.5580644e+01   7.7500000e+02   9.9190616e-01   5.6105634e-01
   2.0000000e+00   4.0000000e+01   2.0000000e+01   2.5122968e+01   4.9900000e+02   9.9596633e-01   3.7264082e-01
   2.0000000e+00   4.0000000e+01   2.5000000e+01   2.5590082e+01   7.9100000e+02   9.9624182e-01   4.9468762e-01
   2.0000000e+00   4.0000000e+01   3.5000000e+01   2.0347563e+01   7.8600000e+02   9.9622989e-01   4.6166708e-01
   2.0000000e+00   4.0000000e+01   4.0000000e+01   1.9449970e+01   6.1000000e+02   9.9973413e-01   9.0006548e-01
   2.0000000e+00   4.0000000e+01   4.5000000e+01   2.1858968e+01   3.1000000e+02   9.9726005e-01   2.0651333e-01
   2.0000000e+00   4.5000000e+01   1.0000000e+01   2.6285117e+01   7.8400000e+02   9.9217259e-01   7.0194614e-01
   2.0000000e+00   4.5000000e+01   1.5000000e+01   2.3291048e+01   3.6100000e+02   9.9638738e-01   1.4069055e-01
   2.0000000e+00   4.5000000e+01   2.5000000e+01   2.0530189e+01   9.9100000e+02   9.9720603e-01   4.7692239e-01
   2.0000000e+00   4.5000000e+01   3.0000000e+01   2.3035416e+01   6.6700000e+02   9.9932801e-01   2.0434022e-01
   2.0000000e+00   4.5000000e+01   3.5000000e+01   2.1823602e+01   8.6000000e+02   9.9818957e-01   2.2018735e-01
   2.0000000e+00   4.5000000e+01   4.5000000e+01   2.1177806e+01   6.7000000e+02   9.9894795e-01   3.9758256e-01
   2.0000000e+00   5.0000000e+01   5.0000000e+00   2.3867026e+01   1.0800000e+02   9.9326854e-01   2.7106115e-01
   2.0000000e+00   5.0000000e+01   1.0000000e+01   2.4997597e+01   8.1700000e+02   9.9498153e-01   4.7502790e-01
   2.0000000e+00   5.0000000e+01   1.5000000e+01   2.3137952e+01   7.5300000e+02   9.9571813e-01   1.9888804e-01
   2.0000000e+00   5.0000000e+01   2.0000000e+01   1.9986737e+01   9.1400000e+02   9.9944335e-01   7.6689009e-01
   2.0000000e+00   5.0000000e+01   2.5000000e+01   2.1280429e+01   8.8700000e+02   9.9764671e-01   3.4609800e-01
   2.0000000e+00   5.0000000e+01   3.0000000e+01   2.0773669e+01   8.2200000e+02   9.9976502e-01   6.3668370e-01
   2.0000000e+00   5.0000000e+01   4.0000000e+01   1.9626708e+01   7.3100000e+02   9.9898992e-01   7.1840064e-01
   2.0000000e+00   5.5000000e+01   5.0000000e+00   2.3938221e+01   5.4200000e+02   9.9542357e-01   1.9059682e-01
   2.0000000e+00   5.5000000e+01   1.0000000e+01   2.0387385e+01   3.0000000e+01   9.9816679e-01   5.9566028e-01
   2.0000000e+00   5.5000000e+01   1.5000000e+01   2.5259434e+01   4.1200000e+02   9.9743412e-01   4.5616494e-01
   2.0000000e+00   5.5000000e+01   2.0000000e+01   2.2155916e+01   2.1500000e+02   9.9871696e-01   2.5183919e-01
   2.0000000e+00   5.5000000e+01   2.5000000e+01   2.2981584e+01   9.9900000e+02   9.9818498e-01   9.0904584e-02
   2.0000000e+00   5.5000000e+01   3.0000000e+01   1.9928148e+01   3.4700000e+02   9.9966620e-01   7.4299144e-01
   2.0000000e+00   6.0000000e+01   5.0000000e+00   2.5087483e+01   7.7600000e+02   9.9553662e-01   5.7192787e-01
   2.0000000e+00   6.0000000e+01   1.0000000e+01   2.3624203e+01   5.3100000e+02   9.9763264e-01   2.0687246e-01
   2.0000000e+00   6.0000000e+01   2.0000000e+01   2.3401863e+01   1.7200000e+02   9.9514587e-01   2.9110041e-01
   2.0000000e+00   6.5000000e+01   5.0000000e+00   2.3861234e+01   3.5200000e+02   9.9755494e-01   1.1040640e-01
   2.0000000e+00   6.5000000e+01   1.0000000e+01   2.1070434e+01   4.9900000e+02   9.9922349e-01   4.9144168e-01
   2.0000000e+00   6.5000000e+01   1.5000000e+01   2.1187026e+01   2.9200000e+02   9.9970292e-01   5.3472668e-01
   2.0000000e+00   6.5000000e+01   2.0000000e+01   2.0487946e+01   6.8300000e+02   9.9970099e-01   6.6025764e-01
   2.0000000e+00   7.0000000e+01   5.0000000e+00   2.0936028e+01   5.5400000e+02   9.9862267e-01   5.0723142e-01
   2.0000000e+00   7.0000000e+01   1.0000000e+01   2.3453665e+01   1.7200000e+02   9.9506341e-01   3.0348919e-01
   2.0000000e+00   7.0000000e+01   2.0000000e+01   1.9490098e+01   3.5000000e+02   9.9914146e-01   7.6527411e-01
   2.0000000e+00   7.5000000e+01   5.0000000e+00   2.3086478e+01   7.3900000e+02   9.9944841e-01   1.3282492e-01
   2.0000000e+00   7.5000000e+01   1.0000000e+01   2.2241611e+01   5.2400000e+02   9.9930964e-01   2.3062632e-01
   2.0000000e+00   8.0000000e+01   1.0000000e+01   2.0304612e+01   8.5100000e+02   9.9968884e-01   7.2164408e-01
   2.0000000e+00   8.5000000e+01   1.0000000e+01   1.9627025e+01   1.0200000e+02   9.9919135e-01   7.6095577e-01
   2.0000000e+00   9.0000000e+01   5.0000000e+00   2.0122833e+01   8.6000000e+02   9.9831102e-01   5.5609992e-01
   2.5000000e+00   1.0000000e+01   6.0000000e+01   2.6057858e+01   9.3400000e+02   9.9764956e-01   6.9783754e-01
   2.5000000e+00   1.0000000e+01   7.0000000e+01   2.0158891e+01   6.2500000e+02   9.9593605e-01   4.5896292e-01
   2.5000000e+00   1.0000000e+01   7.5000000e+01   2.3497482e+01   2.1300000e+02   9.9817695e-01   2.2434541e-01
   2.5000000e+00   1.0000000e+01   8.0000000e+01   2.3694219e+01   3.5900000e+02   9.9790698e-01   2.6852323e-01
   2.5000000e+00   1.0000000e+01   8.5000000e+01   2.0621985e+01   8.3900000e+02   9.9907531e-01   4.8963461e-01
   2.5000000e+00   1.5000000e+01   6.5000000e+01   2.2934943e+01   2.9700000e+02   9.9950549e-01   1.3997626e-01
   2.5000000e+00   1.5000000e+01   7.0000000e+01   2.4409119e+01   7.5000000e+01   9.9890985e-01   3.0617192e-01
   2.5000000e+00   1.5000000e+01   7.5000000e+01   2.2814115e+01   5.3600000e+02   9.9916412e-01   1.0200970e-01
   2.5000000e+00   1.5000000e+01   8.0000000e+01   2.3640358e+01   3.2000000e+01   9.9857569e-01   2.2921871e-01
   2.5000000e+00   2.0000000e+01   5.5000000e+01   2.5235799e+01   8.9000000e+01   9.9524695e-01   6.8496242e-01
   2.5000000e+00   2.0000000e+01   6.0000000e+01   2.6102450e+01   5.0000000e+01   9.9651346e-01   8.5663565e-01
   2.5000000e+00   2.0000000e+01   6.5000000e+01   2.6196316e+01   1.2100000e+02   9.9902596e-01   6.1861798e-01
   2.5000000e+00   2.0000000e+01   7.5000000e+01   2.2890976e+01   4.4700000e+02   9.9937046e-01   8.8961671e-02
   2.5000000e+00   2.5000000e+01   4.5000000e+01   2.6187133e+01   2.0000000e+00   9.9598762e-01   7.6851400e-01
   2.5000000e+00   2.5000000e+01   6.0000000e+01   2.6237378e+01   5.7500000e+02   9.9916916e-01   6.4572918e-01
   2.5000000e+00   2.5000000e+01   6.5000000e+01   2.5493067e+01   6.7000000e+01   9.9958275e-01   3.9210427e-01
   2.5000000e+00   2.5000000e+01   7.0000000e+01   2.4363925e+01   7.8800000e+02   9.9969126e-01   1.1478803e-01
   2.5000000e+00   3.0000000e+01   4.5000000e+01   2.6320931e+01   8.6000000e+02   9.9630246e-01   8.9518098e-01
   2.5000000e+00   3.0000000e+01   5.0000000e+01   2.4626686e+01   4.2500000e+02   9.9953796e-01   2.0820134e-01
   2.5000000e+00   3.0000000e+01   5.5000000e+01   2.4288803e+01   2.5800000e+02   9.9799840e-01   3.8386881e-01
   2.5000000e+00   3.5000000e+01   4.5000000e+01   2.4405657e+01   9.0000000e+02   9.9660516e-01   4.7018544e-01
   2.5000000e+00   3.5000000e+01   5.5000000e+01   2.4410400e+01   4.3000000e+01   9.9937600e-01   2.7644284e-01
   2.5000000e+00   3.5000000e+01   6.0000000e+01   2.2172045e+01   4.5600000e+02   9.9916450e-01   1.8415218e-01
   2.5000000e+00   4.0000000e+01   3.0000000e+01   2.3972732e+01   8.4800000e+02   9.9855238e-01   1.6047804e-01
   2.5000000e+00   4.0000000e+01   3.5000000e+01   2.4625243e+01   7.4000000e+02   9.9854858e-01   3.0691662e-01
   2.5000000e+00   4.0000000e+01   4.5000000e+01   2.4853338e+01   6.0900000e+02   9.9836149e-01   4.4528978e-01
   2.5000000e+00   4.0000000e+01   5.0000000e+01   2.3255995e+01   5.2500000e+02   9.9878851e-01   1.1222648e-01
   2.5000000e+00   4.0000000e+01   5.5000000e+01   2.4988797e+01   7.1100000e+02   9.9884418e-01   4.5537931e-01
   2.5000000e+00   4.5000000e+01   2.5000000e+01   2.5496319e+01   8.5600000e+02   9.9687998e-01   6.1739083e-01
   2.5000000e+00   4.5000000e+01   3.5000000e+01   2.4190921e+01   7.7000000e+02   9.9810059e-01   3.5291403e-01
   2.5000000e+00   4.5000000e+01   4.0000000e+01   2.2894895e+01   5.1700000e+02   9.9916751e-01   7.7831996e-02
   2.5000000e+00   5.0000000e+01   3.0000000e+01   2.4694509e+01   2.0500000e+02   9.9932851e-01   2.6756575e-01
   2.5000000e+00   5.0000000e+01   3.5000000e+01   2.4193038e+01   8.5900000e+02   9.9763671e-01   3.6383731e-01
   2.5000000e+00   5.0000000e+01   4.0000000e+01   2.3538075e+01   2.7400000e+02   9.9706176e-01   2.8255332e-01
   2.5000000e+00   5.0000000e+01   4.5000000e+01   2.1087412e+01   8.2500000e+02   9.9845062e-01   3.6250210e-01
   2.5000000e+00   5.5000000e+01   2.0000000e+01   2.3918702e+01   4.2400000e+02   9.9661333e-01   3.7547325e-01
   2.5000000e+00   5.5000000e+01   3.5000000e+01   2.2967802e+01   5.8800000e+02   9.9783815e-01   1.5064047e-01
   2.5000000e+00   5.5000000e+01   4.0000000e+01   2.4583902e+01   6.2600000e+02   9.9822508e-01   4.3334113e-01
   2.5000000e+00   6.0000000e+01   1.5000000e+01   2.5349381e+01   3.8700000e+02   9.9868109e-01   4.7550017e-01
   2.5000000e+00   6.0000000e+01   2.0000000e+01   2.2684088e+01   6.6000000e+01   9.9848101e-01   1.0991739e-01
   2.5000000e+00   6.0000000e+01   2.5000000e+01   2.5676924e+01   6.7700000e+02   9.9899507e-01   5.4596085e-01
   2.5000000e+00   6.0000000e+01   3.0000000e+01   2.5484287e+01   4.0000000e+00   9.9973572e-01   2.9396104e-01
   2.5000000e+00   6.0000000e+01   3.5000000e+01   2.2558291e+01   2.0700000e+02   9.9861775e-01   8.5568573e-02
   2.5000000e+00   6.5000000e+01   2.5000000e+01   2.3962136e+01   5.6200000e+02   9.9939863e-01   1.6569306e-01
   2.5000000e+00   6.5000000e+01   3.0000000e+01   2.2315488e+01   8.9100000e+02   9.9970515e-01   2.5565690e-01
   2.5000000e+00   7.0000000e+01   1.5000000e+01   2.4557929e+01   4.8800000e+02   9.9816888e-01   4.1066321e-01
   2.5000000e+00   7.0000000e+01   2.0000000e+01   2.4429996e+01   5.2300000e+02   9.9937094e-01   2.7710022e-01
   2.5000000e+00   7.5000000e+01   5.0000000e+00   2.3095415e+01   4.8500000e+02   9.9805358e-01   1.5101033e-01
   2.5000000e+00   7.5000000e+01   2.0000000e+01   2.2547099e+01   6.2000000e+02   9.9880461e-01   1.0921906e-01
   2.5000000e+00   8.0000000e+01   5.0000000e+00   2.5363009e+01   3.6500000e+02   9.9880321e-01   5.2864101e-01
   2.5000000e+00   8.0000000e+01   1.0000000e+01   2.5824215e+01   8.0800000e+02   9.9877666e-01   6.0725710e-01
   2.5000000e+00   8.0000000e+01   1.5000000e+01   2.4207030e+01   9.1200000e+02   9.9956788e-01   1.8989905e-01
   2.5000000e+00   8.5000000e+01   5.0000000e+00   2.4309153e+01   5.5400000e+02   9.9933419e-01   1.9419312e-01
   2.5000000e+00   8.5000000e+01   1.0000000e+01   2.1148824e+01   6.9100000e+02   9.9823876e-01   3.2643282e-01
   2.5000000e+00   9.0000000e+01   5.0000000e+00   2.2491096e+01   7.4900000e+02   9.9805077e-01   1.0994621e-01
   3.0000000e+00   1.0000000e+01   8.5000000e+01   2.4623006e+01   4.4000000e+02   9.9729757e-01   5.4143785e-01
   3.0000000e+00   1.5000000e+01   7.5000000e+01   2.5779250e+01   2.3200000e+02   9.9761969e-01   7.5433143e-01
   3.0000000e+00   2.0000000e+01   7.0000000e+01   2.5939270e+01   8.1800000e+02   9.9479477e-01   9.4842749e-01
   3.0000000e+00   2.5000000e+01   4.5000000e+01   2.5909005e+01   3.2500000e+02   9.9130048e-01   1.0465407e+00
   3.0000000e+00   3.0000000e+01   6.5000000e+01   2.4592445e+01   9.2200000e+02   9.9673965e-01   5.7387931e-01
   3.0000000e+00   4.0000000e+01   4.0000000e+01   2.5445218e+01   9.9500000e+02   9.9669930e-01   7.0508280e-01
   3.0000000e+00   5.0000000e+01   4.5000000e+01   2.5200512e+01   2.3200000e+02   9.9777784e-01   6.2661631e-01
   3.0000000e+00   6.0000000e+01   2.0000000e+01   2.3591971e+01   2.4200000e+02   9.9555398e-01   4.2511596e-01
   3.0000000e+00   6.5000000e+01   2.5000000e+01   2.6388471e+01   6.3500000e+02   9.9800040e-01   8.5815861e-01
   3.0000000e+00   7.0000000e+01   1.5000000e+01   2.6317845e+01   4.0100000e+02   9.9762510e-01   8.3509465e-01
   3.0000000e+00   7.0000000e+01   2.5000000e+01   2.5370664e+01   2.9100000e+02   9.9705616e-01   6.9648320e-01
   3.0000000e+00   7.5000000e+01   1.0000000e+01   2.5274932e+01   1.6000000e+01   9.9667766e-01   6.9716422e-01
   3.5000000e+00   8.5000000e+01   5.0000000e+00   2.6144119e+01   8.8500000e+02   9.9807012e-01   8.1015433e-01
