   5.0000000e-01   1.5000000e+01   5.0000000e+00   1.1456236e+01   2.0000000e+01   9.4643829e-01   1.0990382e+00
   1.0000000e+00   1.0000000e+01   2.0000000e+01   1.6446914e+01   2.8400000e+02   9.6578056e-01   9.8015983e-01
   1.0000000e+00   1.0000000e+01   2.5000000e+01   1.4945690e+01   6.8300000e+02   9.6890896e-01   7.0203394e-01
   1.0000000e+00   1.0000000e+01   3.0000000e+01   1.6591690e+01   6.0000000e+00   9.6766809e-01   9.3403940e-01
   1.0000000e+00   1.0000000e+01   3.5000000e+01   1.4226634e+01   2.5100000e+02   9.7167020e-01   3.5755421e-01
   1.0000000e+00   1.0000000e+01   5.0000000e+01   1.1444429e+01   7.4000000e+01   9.7304422e-01   4.9650228e-01
   1.0000000e+00   1.0000000e+01   5.5000000e+01   1.1284890e+01   1.6800000e+02   9.6607415e-01   5.3526710e-01
   1.0000000e+00   1.0000000e+01   6.0000000e+01   1.1665935e+01   1.5400000e+02   9.5604071e-01   4.8941588e-01
   1.0000000e+00   1.0000000e+01   6.5000000e+01   1.0785065e+01   4.6500000e+02   9.5589120e-01   6.1570228e-01
   1.0000000e+00   1.5000000e+01   1.5000000e+01   1.6402774e+01   6.3000000e+01   9.7284163e-01   3.4275597e-01
   1.0000000e+00   1.5000000e+01   2.0000000e+01   1.7409158e+01   9.9000000e+01   9.5342249e-01   4.4639525e-01
   1.0000000e+00   1.5000000e+01   2.5000000e+01   1.6261971e+01   3.2000000e+02   9.7613464e-01   4.4324834e-01
   1.0000000e+00   1.5000000e+01   3.0000000e+01   1.4999069e+01   1.2300000e+02   9.8455992e-01   2.6781035e-01
   1.0000000e+00   1.5000000e+01   3.5000000e+01   1.2949547e+01   8.0700000e+02   9.9339654e-01   2.9029580e-01
   1.0000000e+00   1.5000000e+01   4.0000000e+01   1.3384346e+01   1.6700000e+02   9.7986836e-01   1.8931869e-01
   1.0000000e+00   1.5000000e+01   4.5000000e+01   1.1720287e+01   4.7800000e+02   9.8573444e-01   4.7821357e-01
   1.0000000e+00   1.5000000e+01   5.0000000e+01   1.2775816e+01   9.9300000e+02   9.7075428e-01   2.6458272e-01
   1.0000000e+00   1.5000000e+01   6.0000000e+01   1.1138293e+01   3.7000000e+01   9.7776042e-01   5.4349701e-01
   1.0000000e+00   2.0000000e+01   3.5000000e+01   1.1449851e+01   7.6400000e+02   9.9043329e-01   5.7446292e-01
   1.0000000e+00   2.0000000e+01   4.0000000e+01   1.3206903e+01   3.3100000e+02   9.9483171e-01   2.5064274e-01
   1.0000000e+00   2.0000000e+01   5.0000000e+01   1.2907316e+01   8.8100000e+02   9.8385689e-01   2.4978165e-01
   1.0000000e+00   2.5000000e+01   1.0000000e+01   1.7369202e+01   8.4000000e+01   9.7871770e-01   4.6398757e-01
   1.0000000e+00   2.5000000e+01   2.0000000e+01   1.1683382e+01   2.0500000e+02   9.9860024e-01   5.7921724e-01
   1.0000000e+00   2.5000000e+01   2.5000000e+01   1.3290406e+01   3.8500000e+02   9.9522910e-01   3.7538219e-01
   1.0000000e+00   2.5000000e+01   3.5000000e+01   1.1268189e+01   3.7300000e+02   9.9589315e-01   7.4650474e-01
   1.0000000e+00   2.5000000e+01   4.5000000e+01   1.0877973e+01   2.0000000e+01   9.9243474e-01   7.5493534e-01
   1.0000000e+00   3.0000000e+01   1.0000000e+01   1.1154798e+01   6.9100000e+02   9.9699317e-01   8.3412379e-01
   1.0000000e+00   3.0000000e+01   1.5000000e+01   1.5487136e+01   9.0400000e+02   9.8873993e-01   3.2333058e-01
   1.0000000e+00   3.0000000e+01   2.0000000e+01   1.3401289e+01   2.8800000e+02   9.9092601e-01   5.6301773e-01
   1.0000000e+00   3.0000000e+01   2.5000000e+01   1.1629884e+01   7.4100000e+02   9.9629816e-01   7.6656889e-01
   1.0000000e+00   3.0000000e+01   3.5000000e+01   1.1705856e+01   8.6100000e+02   9.9571720e-01   7.6990837e-01
   1.0000000e+00   3.0000000e+01   4.0000000e+01   1.0662350e+01   2.8300000e+02   9.9949322e-01   9.0047998e-01
   1.0000000e+00   3.5000000e+01   5.0000000e+00   1.4274478e+01   5.6400000e+02   9.9043350e-01   5.1051260e-01
   1.0000000e+00   3.5000000e+01   1.0000000e+01   1.4748749e+01   3.9700000e+02   9.8547423e-01   6.0220036e-01
   1.0000000e+00   3.5000000e+01   1.5000000e+01   1.4719144e+01   4.5800000e+02   9.8741215e-01   6.1221120e-01
   1.0000000e+00   3.5000000e+01   2.0000000e+01   1.1784817e+01   2.5100000e+02   9.9061959e-01   8.7399411e-01
   1.0000000e+00   3.5000000e+01   2.5000000e+01   1.0528713e+01   4.2500000e+02   9.9685920e-01   1.0251946e+00
   1.0000000e+00   3.5000000e+01   3.0000000e+01   1.0976724e+01   1.1100000e+02   9.9503966e-01   1.0098850e+00
   1.0000000e+00   3.5000000e+01   3.5000000e+01   1.1307568e+01   4.7200000e+02   9.9937966e-01   8.0964079e-01
   1.0000000e+00   3.5000000e+01   4.5000000e+01   1.0719650e+01   5.8400000e+02   9.9557375e-01   1.0201976e+00
   1.0000000e+00   4.0000000e+01   5.0000000e+00   1.3948061e+01   3.5200000e+02   9.8849684e-01   7.4769359e-01
   1.0000000e+00   4.0000000e+01   1.0000000e+01   1.4717941e+01   3.9400000e+02   9.8489283e-01   7.0032816e-01
   1.0000000e+00   4.0000000e+01   1.5000000e+01   1.3098472e+01   2.5700000e+02   9.8411341e-01   8.1234055e-01
   1.0000000e+00   4.5000000e+01   5.0000000e+00   1.4797931e+01   8.5000000e+02   9.8955003e-01   6.8389964e-01
   1.0000000e+00   4.5000000e+01   1.0000000e+01   1.2425168e+01   9.3000000e+02   9.8195474e-01   9.6293377e-01
   1.0000000e+00   4.5000000e+01   1.5000000e+01   1.0505907e+01   1.3700000e+02   9.8178027e-01   1.2675310e+00
   1.0000000e+00   5.0000000e+01   5.0000000e+00   1.2019348e+01   3.5200000e+02   9.8192326e-01   1.0691906e+00
   1.0000000e+00   5.5000000e+01   5.0000000e+00   1.1225770e+01   5.9000000e+01   9.9373737e-01   1.0189289e+00
   1.0000000e+00   5.5000000e+01   1.0000000e+01   1.0954960e+01   8.8400000e+02   9.8262348e-01   1.1728805e+00
   1.0000000e+00   6.0000000e+01   5.0000000e+00   1.2460486e+01   2.4700000e+02   9.6684308e-01   1.1050569e+00
   1.0000000e+00   6.5000000e+01   5.0000000e+00   1.0502657e+01   2.9500000e+02   9.8689858e-01   1.2488149e+00
   1.5000000e+00   1.0000000e+01   6.0000000e+01   1.5154575e+01   7.8200000e+02   9.6245673e-01   1.0734073e+00
   1.5000000e+00   1.0000000e+01   7.0000000e+01   1.5197621e+01   9.4000000e+02   9.7179551e-01   9.7851526e-01
   1.5000000e+00   1.0000000e+01   7.5000000e+01   1.5275122e+01   8.5300000e+02   9.6687094e-01   1.0455323e+00
   1.5000000e+00   1.0000000e+01   8.0000000e+01   1.6295467e+01   6.5700000e+02   9.5256937e-01   1.4585426e+00
   1.5000000e+00   1.0000000e+01   8.5000000e+01   1.2139147e+01   7.3700000e+02   9.6437414e-01   5.3423800e-01
   1.5000000e+00   1.5000000e+01   5.5000000e+01   1.4454156e+01   7.2400000e+02   9.8956591e-01   4.9952133e-01
   1.5000000e+00   1.5000000e+01   6.0000000e+01   1.7211519e+01   6.2300000e+02   9.7015784e-01   1.1322723e+00
   1.5000000e+00   1.5000000e+01   6.5000000e+01   1.4416270e+01   4.8800000e+02   9.7162492e-01   7.1051033e-01
   1.5000000e+00   1.5000000e+01   7.0000000e+01   1.5003833e+01   1.5300000e+02   9.8459145e-01   6.6448323e-01
   1.5000000e+00   1.5000000e+01   7.5000000e+01   1.3637277e+01   6.1600000e+02   9.6918803e-01   6.3981790e-01
   1.5000000e+00   1.5000000e+01   8.0000000e+01   1.2498985e+01   4.3400000e+02   9.7844918e-01   4.7415686e-01
   1.5000000e+00   2.0000000e+01   4.5000000e+01   1.5268056e+01   6.4800000e+02   9.7676365e-01   7.3213158e-01
   1.5000000e+00   2.0000000e+01   5.0000000e+01   1.6743990e+01   1.7000000e+02   9.9427598e-01   7.6810499e-01
   1.5000000e+00   2.0000000e+01   5.5000000e+01   1.5248181e+01   3.0900000e+02   9.8257402e-01   6.1126492e-01
   1.5000000e+00   2.0000000e+01   6.0000000e+01   1.4084027e+01   5.2300000e+02   9.8580663e-01   3.7015007e-01
   1.5000000e+00   2.0000000e+01   6.5000000e+01   1.4779781e+01   8.0200000e+02   9.8454922e-01   5.3824861e-01
   1.5000000e+00   2.0000000e+01   7.0000000e+01   1.3122393e+01   7.1200000e+02   9.8861007e-01   2.8145280e-01
   1.5000000e+00   2.5000000e+01   5.0000000e+01   1.4816932e+01   3.7000000e+02   9.9244858e-01   2.6478097e-01
   1.5000000e+00   2.5000000e+01   5.5000000e+01   1.5395266e+01   6.9700000e+02   9.9753774e-01   4.1244794e-01
   1.5000000e+00   2.5000000e+01   6.0000000e+01   1.3199482e+01   3.4600000e+02   9.9529288e-01   1.7082913e-01
   1.5000000e+00   2.5000000e+01   6.5000000e+01   1.5969785e+01   9.0000000e+02   9.8415797e-01   6.1899628e-01
   1.5000000e+00   2.5000000e+01   7.0000000e+01   1.1908956e+01   9.3700000e+02   9.7782870e-01   4.1687908e-01
   1.5000000e+00   3.0000000e+01   3.0000000e+01   1.5868449e+01   1.1600000e+02   9.9602021e-01   3.3690934e-01
   1.5000000e+00   3.0000000e+01   3.5000000e+01   1.6781494e+01   7.2600000e+02   9.9449326e-01   4.5981911e-01
   1.5000000e+00   3.0000000e+01   4.5000000e+01   1.6484374e+01   5.5400000e+02   9.9230801e-01   5.2405750e-01
   1.5000000e+00   3.0000000e+01   5.0000000e+01   1.5767889e+01   8.5200000e+02   9.8865770e-01   5.1038160e-01
   1.5000000e+00   3.0000000e+01   5.5000000e+01   1.3527257e+01   4.2000000e+01   9.9859154e-01   1.9435614e-01
   1.5000000e+00   3.0000000e+01   6.0000000e+01   1.3820107e+01   1.0300000e+02   9.9860596e-01   6.3842274e-02
   1.5000000e+00   3.0000000e+01   6.5000000e+01   1.0943819e+01   2.0700000e+02   9.8746295e-01   6.0362533e-01
   1.5000000e+00   3.5000000e+01   1.5000000e+01   1.7322109e+01   7.3400000e+02   9.8728527e-01   4.7588041e-01
   1.5000000e+00   3.5000000e+01   2.5000000e+01   1.5307012e+01   6.9900000e+02   9.9889978e-01   2.5654307e-01
   1.5000000e+00   3.5000000e+01   3.0000000e+01   1.4083929e+01   6.6500000e+02   9.9582310e-01   8.7484139e-02
   1.5000000e+00   3.5000000e+01   4.0000000e+01   1.5193979e+01   1.0500000e+02   9.9930767e-01   2.2968127e-01
   1.5000000e+00   3.5000000e+01   4.5000000e+01   1.3604260e+01   3.7300000e+02   9.9858458e-01   8.1523725e-02
   1.5000000e+00   3.5000000e+01   5.0000000e+01   1.6088486e+01   4.4000000e+01   9.9737049e-01   4.0647095e-01
   1.5000000e+00   3.5000000e+01   5.5000000e+01   1.4194382e+01   3.8800000e+02   9.9774360e-01   1.6079999e-01
   1.5000000e+00   3.5000000e+01   6.0000000e+01   1.2762816e+01   2.6500000e+02   9.9329518e-01   2.2479165e-01
   1.5000000e+00   4.0000000e+01   3.0000000e+01   1.6800816e+01   1.4300000e+02   9.9567935e-01   5.4174439e-01
   1.5000000e+00   4.0000000e+01   3.5000000e+01   1.2196092e+01   5.7700000e+02   9.9754338e-01   4.8545588e-01
   1.5000000e+00   4.0000000e+01   4.0000000e+01   1.4531438e+01   3.9000000e+01   9.9645017e-01   2.3271882e-01
   1.5000000e+00   4.0000000e+01   4.5000000e+01   1.4011443e+01   4.1300000e+02   9.9976816e-01   1.6711810e-02
   1.5000000e+00   4.0000000e+01   5.0000000e+01   1.5138147e+01   9.2900000e+02   9.9833408e-01   1.9917404e-01
   1.5000000e+00   4.0000000e+01   5.5000000e+01   1.4112451e+01   3.3000000e+01   9.9529199e-01   7.9648414e-02
   1.5000000e+00   4.5000000e+01   2.5000000e+01   1.5949534e+01   7.4800000e+02   9.9450794e-01   3.3067222e-01
   1.5000000e+00   4.5000000e+01   3.0000000e+01   1.6719733e+01   7.2900000e+02   9.8867940e-01   4.6241916e-01
   1.5000000e+00   4.5000000e+01   3.5000000e+01   1.4715828e+01   8.4100000e+02   9.9896562e-01   1.5977132e-01
   1.5000000e+00   4.5000000e+01   4.0000000e+01   1.2419508e+01   4.9900000e+02   9.9504166e-01   5.7260286e-01
   1.5000000e+00   4.5000000e+01   4.5000000e+01   1.4256209e+01   1.9100000e+02   9.9963975e-01   1.6990207e-01
   1.5000000e+00   4.5000000e+01   5.0000000e+01   1.3158296e+01   2.0300000e+02   9.9879819e-01   1.7745342e-01
   1.5000000e+00   5.0000000e+01   1.5000000e+01   1.5070910e+01   8.3000000e+01   9.8842022e-01   3.9920738e-01
   1.5000000e+00   5.0000000e+01   2.0000000e+01   1.5204060e+01   2.8600000e+02   9.9483654e-01   3.4480380e-01
   1.5000000e+00   5.0000000e+01   2.5000000e+01   1.5246324e+01   9.8800000e+02   9.9577692e-01   3.7157516e-01
   1.5000000e+00   5.0000000e+01   3.0000000e+01   1.4935195e+01   1.4100000e+02   9.9825987e-01   1.8123800e-01
   1.5000000e+00   5.0000000e+01   3.5000000e+01   1.5975462e+01   8.5000000e+02   9.9753082e-01   3.7008808e-01
   1.5000000e+00   5.0000000e+01   4.0000000e+01   1.5431678e+01   4.4000000e+01   9.9768327e-01   3.4389883e-01
   1.5000000e+00   5.0000000e+01   4.5000000e+01   1.3481025e+01   2.3200000e+02   9.9853848e-01   2.8827635e-01
   1.5000000e+00   5.5000000e+01   5.0000000e+00   1.6651770e+01   3.3900000e+02   9.8036873e-01   4.9754397e-01
   1.5000000e+00   5.5000000e+01   2.0000000e+01   1.3288913e+01   5.4200000e+02   9.9683756e-01   4.1014828e-01
   1.5000000e+00   5.5000000e+01   2.5000000e+01   1.4659914e+01   2.3000000e+01   9.8583734e-01   4.6824143e-01
   1.5000000e+00   5.5000000e+01   3.0000000e+01   1.4357654e+01   7.0500000e+02   9.9956569e-01   1.9641415e-01
   1.5000000e+00   5.5000000e+01   3.5000000e+01   1.4767828e+01   4.4400000e+02   9.9784196e-01   3.1006347e-01
   1.5000000e+00   5.5000000e+01   4.0000000e+01   1.3080479e+01   9.4000000e+01   9.9938075e-01   3.8733563e-01
   1.5000000e+00   6.0000000e+01   1.0000000e+01   1.4937387e+01   5.9600000e+02   9.8305648e-01   5.8118612e-01
   1.5000000e+00   6.0000000e+01   1.5000000e+01   1.5959172e+01   8.4400000e+02   9.9776728e-01   4.3778101e-01
   1.5000000e+00   6.0000000e+01   2.0000000e+01   1.1536434e+01   5.3600000e+02   9.9673468e-01   7.2849299e-01
   1.5000000e+00   6.0000000e+01   2.5000000e+01   1.4983011e+01   2.4000000e+01   9.7422496e-01   5.9067922e-01
   1.5000000e+00   6.0000000e+01   3.0000000e+01   1.5292151e+01   3.3000000e+02   9.9498837e-01   4.1824237e-01
   1.5000000e+00   6.0000000e+01   3.5000000e+01   1.2489363e+01   5.7600000e+02   9.8559341e-01   7.8039223e-01
   1.5000000e+00   6.5000000e+01   5.0000000e+00   1.3199886e+01   2.4200000e+02   9.9636932e-01   4.0314030e-01
   1.5000000e+00   6.5000000e+01   1.5000000e+01   1.4916291e+01   9.0800000e+02   9.9237339e-01   4.8241277e-01
   1.5000000e+00   6.5000000e+01   2.0000000e+01   1.5348489e+01   7.7900000e+02   9.9388277e-01   4.8324906e-01
   1.5000000e+00   6.5000000e+01   2.5000000e+01   1.2259982e+01   6.4300000e+02   9.8593425e-01   6.3600980e-01
   1.5000000e+00   6.5000000e+01   3.0000000e+01   1.1108164e+01   7.3000000e+02   9.9707598e-01   8.8552095e-01
   1.5000000e+00   7.0000000e+01   1.0000000e+01   1.2955357e+01   2.5500000e+02   9.8701684e-01   6.4578753e-01
   1.5000000e+00   7.0000000e+01   1.5000000e+01   1.2279999e+01   6.3900000e+02   9.9280504e-01   6.4723313e-01
   1.5000000e+00   7.0000000e+01   2.0000000e+01   1.4706356e+01   3.3000000e+01   9.9524704e-01   4.5226790e-01
   1.5000000e+00   7.0000000e+01   2.5000000e+01   1.3445052e+01   3.5000000e+02   9.9533875e-01   4.5641544e-01
   1.5000000e+00   7.5000000e+01   5.0000000e+00   1.3322481e+01   9.7200000e+02   9.8146027e-01   8.2196087e-01
   1.5000000e+00   7.5000000e+01   1.0000000e+01   1.4830228e+01   6.8000000e+02   9.8130947e-01   6.2848908e-01
   1.5000000e+00   7.5000000e+01   1.5000000e+01   1.3425878e+01   8.1900000e+02   9.7200925e-01   7.7736820e-01
   1.5000000e+00   7.5000000e+01   2.0000000e+01   1.4036692e+01   3.6600000e+02   9.8238754e-01   7.2105334e-01
   1.5000000e+00   8.0000000e+01   5.0000000e+00   1.6252198e+01   2.9500000e+02   9.6648586e-01   7.4146145e-01
   1.5000000e+00   8.0000000e+01   1.0000000e+01   1.3886893e+01   7.3800000e+02   9.7484057e-01   6.7829572e-01
   1.5000000e+00   8.0000000e+01   1.5000000e+01   1.2788785e+01   6.3000000e+01   9.8753947e-01   6.6407698e-01
   1.5000000e+00   8.5000000e+01   5.0000000e+00   1.4722375e+01   5.5400000e+02   9.6518050e-01   7.1464298e-01
   1.5000000e+00   8.5000000e+01   1.0000000e+01   1.3490209e+01   6.5600000e+02   9.7806295e-01   7.7696385e-01
   1.5000000e+00   9.0000000e+01   5.0000000e+00   1.5128338e+01   7.3200000e+02   9.7216990e-01   6.9497478e-01
   2.0000000e+00   2.5000000e+01   6.5000000e+01   1.7482816e+01   3.1000000e+01   9.7448855e-01   1.3760566e+00
   2.0000000e+00   2.5000000e+01   7.0000000e+01   1.4396968e+01   2.9700000e+02   9.8879320e-01   6.2580561e-01
   2.0000000e+00   3.0000000e+01   4.0000000e+01   1.6977803e+01   2.8700000e+02   9.9360805e-01   7.7189006e-01
   2.0000000e+00   4.0000000e+01   5.5000000e+01   1.7337336e+01   6.7000000e+01   9.9875063e-01   7.7651604e-01
   2.0000000e+00   4.5000000e+01   5.0000000e+01   1.7021724e+01   5.2500000e+02   9.9825900e-01   5.9315147e-01
   2.0000000e+00   5.5000000e+01   4.0000000e+01   1.5415777e+01   9.5000000e+02   9.9859798e-01   2.8422630e-01
   2.0000000e+00   6.5000000e+01   3.0000000e+01   1.7149897e+01   9.2300000e+02   9.9343843e-01   5.6523022e-01
   2.0000000e+00   7.0000000e+01   2.5000000e+01   1.6212348e+01   7.4000000e+02   9.9474375e-01   3.7875394e-01
   2.0000000e+00   7.5000000e+01   2.0000000e+01   1.5026138e+01   9.9000000e+02   9.9707543e-01   2.7762957e-01
