   1.0000000e+00   1.0000000e+01   1.5000000e+01   2.2953986e+01   1.3000000e+01   9.2446328e-01   6.2233302e-01
   1.0000000e+00   2.0000000e+01   1.0000000e+01   2.0126293e+01   5.1300000e+02   9.6784591e-01   1.5195409e+00
   1.0000000e+00   2.0000000e+01   1.5000000e+01   2.0624958e+01   9.9200000e+02   9.7998619e-01   1.2865008e+00
   1.0000000e+00   2.5000000e+01   5.0000000e+00   2.3609373e+01   8.1200000e+02   9.6484526e-01   1.1992849e+00
   1.0000000e+00   3.0000000e+01   5.0000000e+00   1.9911269e+01   7.5700000e+02   9.8540204e-01   1.2394097e+00
   1.5000000e+00   1.0000000e+01   2.5000000e+01   2.1873743e+01   6.6300000e+02   9.3434167e-01   8.3478482e-01
   1.5000000e+00   1.0000000e+01   3.0000000e+01   2.1804794e+01   1.0000000e+00   9.1623371e-01   9.1351149e-01
   1.5000000e+00   1.0000000e+01   3.5000000e+01   2.4805168e+01   6.1700000e+02   9.2741426e-01   1.2422061e+00
   1.5000000e+00   1.0000000e+01   4.0000000e+01   2.1504988e+01   2.2900000e+02   9.2724415e-01   8.8193069e-01
   1.5000000e+00   1.0000000e+01   4.5000000e+01   1.9785977e+01   5.1600000e+02   9.2859829e-01   7.0878018e-01
   1.5000000e+00   1.0000000e+01   5.0000000e+01   2.1336837e+01   6.7400000e+02   9.3207588e-01   8.3202171e-01
   1.5000000e+00   1.0000000e+01   5.5000000e+01   2.2128132e+01   2.8900000e+02   9.2854375e-01   1.0042960e+00
   1.5000000e+00   1.5000000e+01   3.0000000e+01   2.1751458e+01   8.2700000e+02   9.3470187e-01   8.3000236e-01
   1.5000000e+00   1.5000000e+01   3.5000000e+01   2.2562441e+01   6.9000000e+01   9.7588549e-01   4.2701032e-01
   1.5000000e+00   1.5000000e+01   4.0000000e+01   2.0144332e+01   5.4300000e+02   9.7600027e-01   5.1456742e-01
   1.5000000e+00   1.5000000e+01   4.5000000e+01   2.0127484e+01   6.6100000e+02   9.5676208e-01   5.2973489e-01
   1.5000000e+00   2.0000000e+01   1.5000000e+01   2.5560031e+01   7.5600000e+02   9.8066021e-01   4.6880003e-01
   1.5000000e+00   2.0000000e+01   2.0000000e+01   2.4629568e+01   1.7900000e+02   9.7555514e-01   5.6321194e-01
   1.5000000e+00   2.0000000e+01   2.5000000e+01   2.5189380e+01   2.6000000e+01   9.8672057e-01   3.6554000e-01
   1.5000000e+00   2.0000000e+01   3.0000000e+01   2.3891017e+01   9.7400000e+02   9.8811078e-01   2.8876955e-01
   1.5000000e+00   2.0000000e+01   3.5000000e+01   2.2659295e+01   5.9000000e+01   9.6469734e-01   6.2081954e-01
   1.5000000e+00   2.0000000e+01   4.0000000e+01   2.0831208e+01   4.1000000e+01   9.8476397e-01   4.1078196e-01
   1.5000000e+00   2.5000000e+01   1.5000000e+01   2.4516001e+01   8.1400000e+02   9.8415478e-01   5.5017238e-01
   1.5000000e+00   2.5000000e+01   2.0000000e+01   2.4098992e+01   8.1300000e+02   9.8843248e-01   3.6953132e-01
   1.5000000e+00   2.5000000e+01   3.0000000e+01   2.3502448e+01   1.9400000e+02   9.8771072e-01   4.6790966e-01
   1.5000000e+00   2.5000000e+01   3.5000000e+01   2.2271022e+01   7.5700000e+02   9.8839477e-01   2.5222547e-01
   1.5000000e+00   3.0000000e+01   1.0000000e+01   2.4793237e+01   1.0800000e+02   9.8319418e-01   5.1977133e-01
   1.5000000e+00   3.0000000e+01   1.5000000e+01   2.3050038e+01   4.1800000e+02   9.9374316e-01   2.2246425e-01
   1.5000000e+00   3.0000000e+01   2.0000000e+01   2.0472339e+01   8.2100000e+02   9.9609415e-01   8.1273861e-01
   1.5000000e+00   3.0000000e+01   2.5000000e+01   2.0679848e+01   8.3200000e+02   9.9566352e-01   7.2752792e-01
   1.5000000e+00   3.5000000e+01   1.0000000e+01   2.3690735e+01   4.4500000e+02   9.7236885e-01   8.4494125e-01
   1.5000000e+00   4.0000000e+01   5.0000000e+00   2.1749402e+01   9.3400000e+02   9.8087963e-01   9.1285961e-01
   1.5000000e+00   4.0000000e+01   1.0000000e+01   2.3949827e+01   9.8500000e+02   9.7334513e-01   6.8347458e-01
   1.5000000e+00   4.0000000e+01   1.5000000e+01   1.9723420e+01   3.7900000e+02   9.6935809e-01   1.3261520e+00
   1.5000000e+00   4.0000000e+01   2.0000000e+01   1.9642191e+01   4.8000000e+01   9.9258802e-01   8.9334263e-01
   1.5000000e+00   4.5000000e+01   5.0000000e+00   2.1740589e+01   3.4000000e+02   9.6758872e-01   1.1019771e+00
   1.5000000e+00   4.5000000e+01   1.0000000e+01   2.1279907e+01   8.1900000e+02   9.5061181e-01   1.3056223e+00
   1.5000000e+00   4.5000000e+01   1.5000000e+01   2.2491202e+01   2.2000000e+02   9.7817364e-01   6.8965514e-01
   1.5000000e+00   5.0000000e+01   5.0000000e+00   2.4681023e+01   2.9500000e+02   9.3836675e-01   1.0055803e+00
   1.5000000e+00   5.0000000e+01   1.0000000e+01   2.0139379e+01   9.7400000e+02   9.5167202e-01   1.3739038e+00
   2.0000000e+00   1.0000000e+01   5.5000000e+01   2.3617150e+01   3.9300000e+02   9.3681659e-01   1.3178428e+00
   2.0000000e+00   1.0000000e+01   6.0000000e+01   2.3467369e+01   3.4700000e+02   9.3415193e-01   1.4299601e+00
   2.0000000e+00   1.0000000e+01   6.5000000e+01   2.2882049e+01   2.2900000e+02   9.2340267e-01   1.3661938e+00
   2.0000000e+00   1.0000000e+01   7.0000000e+01   2.1724377e+01   6.7600000e+02   9.1986275e-01   1.2770351e+00
   2.0000000e+00   1.0000000e+01   7.5000000e+01   2.0030557e+01   8.2100000e+02   9.0645119e-01   1.1885717e+00
   2.0000000e+00   1.5000000e+01   4.0000000e+01   2.5697703e+01   8.9300000e+02   9.6108876e-01   1.3575840e+00
   2.0000000e+00   1.5000000e+01   4.5000000e+01   2.2726810e+01   4.2300000e+02   9.7045152e-01   8.3641696e-01
   2.0000000e+00   1.5000000e+01   5.0000000e+01   2.3672688e+01   9.4400000e+02   9.6197797e-01   1.0863074e+00
   2.0000000e+00   1.5000000e+01   5.5000000e+01   2.1240179e+01   3.5300000e+02   9.6837332e-01   6.5013889e-01
   2.0000000e+00   1.5000000e+01   6.0000000e+01   1.9480774e+01   7.5000000e+02   9.4435812e-01   7.3939924e-01
   2.0000000e+00   1.5000000e+01   6.5000000e+01   1.9779717e+01   2.0700000e+02   9.5726433e-01   6.6571064e-01
   2.0000000e+00   1.5000000e+01   7.0000000e+01   2.1910120e+01   1.9500000e+02   9.5751164e-01   9.2392644e-01
   2.0000000e+00   1.5000000e+01   7.5000000e+01   2.0567041e+01   7.1000000e+02   9.5648899e-01   6.8669774e-01
   2.0000000e+00   2.0000000e+01   4.0000000e+01   2.4637551e+01   7.6500000e+02   9.6267180e-01   1.2329289e+00
   2.0000000e+00   2.0000000e+01   4.5000000e+01   2.0814594e+01   1.2600000e+02   9.7516179e-01   4.6507231e-01
   2.0000000e+00   2.0000000e+01   5.0000000e+01   2.2553643e+01   3.0300000e+02   9.7382711e-01   7.1494113e-01
   2.0000000e+00   2.0000000e+01   5.5000000e+01   2.1500012e+01   7.5200000e+02   9.7334245e-01   5.9620508e-01
   2.0000000e+00   2.0000000e+01   6.0000000e+01   2.0961403e+01   3.5900000e+02   9.7016735e-01   5.2040017e-01
   2.0000000e+00   2.0000000e+01   6.5000000e+01   2.0871107e+01   9.3300000e+02   9.8331722e-01   4.8571657e-01
   2.0000000e+00   2.0000000e+01   7.0000000e+01   1.9797507e+01   2.2100000e+02   9.6822176e-01   5.5335219e-01
   2.0000000e+00   2.0000000e+01   7.5000000e+01   2.0264517e+01   1.7000000e+02   9.7493605e-01   5.1038247e-01
   2.0000000e+00   2.5000000e+01   3.5000000e+01   2.3999885e+01   3.6000000e+01   9.7429087e-01   8.2769671e-01
   2.0000000e+00   2.5000000e+01   4.0000000e+01   2.3983546e+01   7.3800000e+02   9.9271727e-01   4.9128707e-01
   2.0000000e+00   2.5000000e+01   4.5000000e+01   2.4181991e+01   3.4800000e+02   9.7505711e-01   9.8346586e-01
   2.0000000e+00   2.5000000e+01   5.0000000e+01   2.5303138e+01   2.5300000e+02   9.8799606e-01   9.2454653e-01
   2.0000000e+00   2.5000000e+01   5.5000000e+01   2.0905861e+01   7.0000000e+00   9.9091963e-01   3.8579069e-01
   2.0000000e+00   2.5000000e+01   6.0000000e+01   2.1818997e+01   8.5800000e+02   9.8411991e-01   4.3545469e-01
   2.0000000e+00   3.0000000e+01   3.0000000e+01   2.3712687e+01   7.4900000e+02   9.8166359e-01   6.3885921e-01
   2.0000000e+00   3.0000000e+01   3.5000000e+01   2.4248068e+01   6.2700000e+02   9.9662866e-01   3.6742530e-01
   2.0000000e+00   3.0000000e+01   4.5000000e+01   2.3794591e+01   3.8200000e+02   9.9486180e-01   3.9248266e-01
   2.0000000e+00   3.0000000e+01   5.0000000e+01   2.1858374e+01   8.7400000e+02   9.9703866e-01   2.6018069e-01
   2.0000000e+00   3.0000000e+01   6.0000000e+01   2.0485587e+01   5.8900000e+02   9.8656386e-01   3.4329563e-01
   2.0000000e+00   3.5000000e+01   3.0000000e+01   2.3867022e+01   6.6900000e+02   9.9590439e-01   1.5079216e-01
   2.0000000e+00   3.5000000e+01   3.5000000e+01   2.2406943e+01   2.9600000e+02   9.9484329e-01   1.7655127e-01
   2.0000000e+00   3.5000000e+01   4.0000000e+01   2.2474548e+01   8.9500000e+02   9.9656243e-01   2.4729635e-01
   2.0000000e+00   3.5000000e+01   5.0000000e+01   2.3478682e+01   9.4900000e+02   9.9455737e-01   1.6369337e-01
   2.0000000e+00   3.5000000e+01   6.0000000e+01   2.1297909e+01   9.6700000e+02   9.9433040e-01   2.4092986e-01
   2.0000000e+00   4.0000000e+01   1.5000000e+01   2.5580644e+01   7.7500000e+02   9.9285028e-01   2.5994696e-01
   2.0000000e+00   4.0000000e+01   2.0000000e+01   2.5122968e+01   4.9900000e+02   9.8797657e-01   2.3527816e-01
   2.0000000e+00   4.0000000e+01   2.5000000e+01   2.5590082e+01   7.9100000e+02   9.9261102e-01   3.4406094e-01
   2.0000000e+00   4.0000000e+01   3.5000000e+01   2.0347563e+01   7.8600000e+02   9.9349529e-01   3.5671944e-01
   2.0000000e+00   4.0000000e+01   4.0000000e+01   1.9449970e+01   6.1000000e+02   9.9072204e-01   9.1289782e-01
   2.0000000e+00   4.0000000e+01   4.5000000e+01   2.1858968e+01   3.1000000e+02   9.9340183e-01   1.9341310e-01
   2.0000000e+00   4.5000000e+01   1.0000000e+01   2.6285117e+01   7.8400000e+02   9.8347038e-01   3.2301382e-01
   2.0000000e+00   4.5000000e+01   1.5000000e+01   2.3291048e+01   3.6100000e+02   9.8759167e-01   3.6557273e-01
   2.0000000e+00   4.5000000e+01   2.5000000e+01   2.0530189e+01   9.9100000e+02   9.9494849e-01   4.4459652e-01
   2.0000000e+00   4.5000000e+01   3.0000000e+01   2.3035416e+01   6.6700000e+02   9.7929726e-01   5.1690225e-01
   2.0000000e+00   4.5000000e+01   3.5000000e+01   2.1823602e+01   8.6000000e+02   9.9579491e-01   2.1885140e-01
   2.0000000e+00   4.5000000e+01   4.5000000e+01   2.1177806e+01   6.7000000e+02   9.9505744e-01   3.5840108e-01
   2.0000000e+00   5.0000000e+01   5.0000000e+00   2.3867026e+01   1.0800000e+02   9.7605627e-01   4.7884457e-01
   2.0000000e+00   5.0000000e+01   1.0000000e+01   2.4997597e+01   8.1700000e+02   9.7724672e-01   3.7320580e-01
   2.0000000e+00   5.0000000e+01   1.5000000e+01   2.3137952e+01   7.5300000e+02   9.9355393e-01   1.8448541e-01
   2.0000000e+00   5.0000000e+01   2.0000000e+01   1.9986737e+01   9.1400000e+02   9.7668668e-01   1.0149966e+00
   2.0000000e+00   5.0000000e+01   2.5000000e+01   2.1280429e+01   8.8700000e+02   9.9404754e-01   4.6151619e-01
   2.0000000e+00   5.0000000e+01   3.0000000e+01   2.0773669e+01   8.2200000e+02   9.7397126e-01   8.8850214e-01
   2.0000000e+00   5.0000000e+01   4.0000000e+01   1.9626708e+01   7.3100000e+02   9.9356146e-01   7.5841193e-01
   2.0000000e+00   5.5000000e+01   5.0000000e+00   2.3938221e+01   5.4200000e+02   9.6543539e-01   6.2345252e-01
   2.0000000e+00   5.5000000e+01   1.0000000e+01   2.0387385e+01   3.0000000e+01   9.8014240e-01   8.7912591e-01
   2.0000000e+00   5.5000000e+01   1.5000000e+01   2.5259434e+01   4.1200000e+02   9.7848889e-01   3.4022985e-01
   2.0000000e+00   5.5000000e+01   2.0000000e+01   2.2155916e+01   2.1500000e+02   9.7024769e-01   7.2296833e-01
   2.0000000e+00   5.5000000e+01   2.5000000e+01   2.2981584e+01   9.9900000e+02   9.8503801e-01   3.4857579e-01
   2.0000000e+00   5.5000000e+01   3.0000000e+01   1.9928148e+01   3.4700000e+02   9.7679298e-01   9.6777907e-01
   2.0000000e+00   6.0000000e+01   5.0000000e+00   2.5087483e+01   7.7600000e+02   9.8561033e-01   3.1369048e-01
   2.0000000e+00   6.0000000e+01   1.0000000e+01   2.3624203e+01   5.3100000e+02   9.8211137e-01   3.5985149e-01
   2.0000000e+00   6.0000000e+01   2.0000000e+01   2.3401863e+01   1.7200000e+02   9.8843542e-01   2.5527945e-01
   2.0000000e+00   6.5000000e+01   5.0000000e+00   2.3861234e+01   3.5200000e+02   9.0408200e-01   1.0990027e+00
   2.0000000e+00   6.5000000e+01   1.0000000e+01   2.1070434e+01   4.9900000e+02   9.5033043e-01   1.0479693e+00
   2.0000000e+00   6.5000000e+01   1.5000000e+01   2.1187026e+01   2.9200000e+02   9.3808685e-01   1.1042427e+00
   2.0000000e+00   6.5000000e+01   2.0000000e+01   2.0487946e+01   6.8300000e+02   9.5409220e-01   1.0832845e+00
   2.0000000e+00   7.0000000e+01   5.0000000e+00   2.0936028e+01   5.5400000e+02   9.2560609e-01   1.2570196e+00
   2.0000000e+00   7.0000000e+01   1.0000000e+01   2.3453665e+01   1.7200000e+02   9.7675066e-01   4.3325269e-01
   2.0000000e+00   7.0000000e+01   2.0000000e+01   1.9490098e+01   3.5000000e+02   9.6783295e-01   1.1083759e+00
   2.0000000e+00   7.5000000e+01   5.0000000e+00   2.3086478e+01   7.3900000e+02   9.2145760e-01   1.0134877e+00
   2.0000000e+00   7.5000000e+01   1.0000000e+01   2.2241611e+01   5.2400000e+02   9.3272939e-01   9.9211362e-01
   2.0000000e+00   8.0000000e+01   1.0000000e+01   2.0304612e+01   8.5100000e+02   9.1425314e-01   1.3708392e+00
   2.0000000e+00   8.5000000e+01   1.0000000e+01   1.9627025e+01   1.0200000e+02   9.2400816e-01   1.4103007e+00
   2.0000000e+00   9.0000000e+01   5.0000000e+00   2.0122833e+01   8.6000000e+02   9.5517553e-01   1.0864358e+00
   2.5000000e+00   1.0000000e+01   6.0000000e+01   2.6057858e+01   9.3400000e+02   9.2190204e-01   2.3146387e+00
   2.5000000e+00   1.0000000e+01   7.0000000e+01   2.0158891e+01   6.2500000e+02   8.9494474e-01   1.3366725e+00
   2.5000000e+00   1.0000000e+01   7.5000000e+01   2.3497482e+01   2.1300000e+02   9.0902107e-01   1.8519112e+00
   2.5000000e+00   1.0000000e+01   8.0000000e+01   2.3694219e+01   3.5900000e+02   8.9654216e-01   1.9906392e+00
   2.5000000e+00   1.0000000e+01   8.5000000e+01   2.0621985e+01   8.3900000e+02   9.1116301e-01   1.3067536e+00
   2.5000000e+00   1.5000000e+01   6.5000000e+01   2.2934943e+01   2.9700000e+02   9.6691863e-01   1.1270713e+00
   2.5000000e+00   1.5000000e+01   7.0000000e+01   2.4409119e+01   7.5000000e+01   9.4673375e-01   1.6100927e+00
   2.5000000e+00   1.5000000e+01   7.5000000e+01   2.2814115e+01   5.3600000e+02   9.4677794e-01   1.2516044e+00
   2.5000000e+00   1.5000000e+01   8.0000000e+01   2.3640358e+01   3.2000000e+01   9.3432430e-01   1.6436960e+00
   2.5000000e+00   2.0000000e+01   5.5000000e+01   2.5235799e+01   8.9000000e+01   9.4908968e-01   1.6936176e+00
   2.5000000e+00   2.0000000e+01   6.0000000e+01   2.6102450e+01   5.0000000e+01   9.4722388e-01   1.9351478e+00
   2.5000000e+00   2.0000000e+01   6.5000000e+01   2.6196316e+01   1.2100000e+02   9.7146461e-01   1.6295843e+00
   2.5000000e+00   2.0000000e+01   7.5000000e+01   2.2890976e+01   4.4700000e+02   9.6936985e-01   1.0028172e+00
   2.5000000e+00   2.5000000e+01   4.5000000e+01   2.6187133e+01   2.0000000e+00   9.7862232e-01   1.4449886e+00
   2.5000000e+00   2.5000000e+01   6.0000000e+01   2.6237378e+01   5.7500000e+02   9.8543744e-01   1.3781520e+00
   2.5000000e+00   2.5000000e+01   6.5000000e+01   2.5493067e+01   6.7000000e+01   9.9149164e-01   1.1153948e+00
   2.5000000e+00   2.5000000e+01   7.0000000e+01   2.4363925e+01   7.8800000e+02   9.9066532e-01   8.7302794e-01
   2.5000000e+00   3.0000000e+01   4.5000000e+01   2.6320931e+01   8.6000000e+02   9.7936287e-01   1.4947015e+00
   2.5000000e+00   3.0000000e+01   5.0000000e+01   2.4626686e+01   4.2500000e+02   9.9771754e-01   6.2103367e-01
   2.5000000e+00   3.0000000e+01   5.5000000e+01   2.4288803e+01   2.5800000e+02   9.8596834e-01   9.8948912e-01
   2.5000000e+00   3.5000000e+01   4.5000000e+01   2.4405657e+01   9.0000000e+02   9.8710412e-01   8.7961779e-01
   2.5000000e+00   3.5000000e+01   5.5000000e+01   2.4410400e+01   4.3000000e+01   9.9577309e-01   7.2620161e-01
   2.5000000e+00   3.5000000e+01   6.0000000e+01   2.2172045e+01   4.5600000e+02   9.9371716e-01   3.8543421e-01
   2.5000000e+00   4.0000000e+01   3.0000000e+01   2.3972732e+01   8.4800000e+02   9.9613018e-01   2.2212478e-01
   2.5000000e+00   4.0000000e+01   3.5000000e+01   2.4625243e+01   7.4000000e+02   9.9643290e-01   3.9487599e-01
   2.5000000e+00   4.0000000e+01   4.5000000e+01   2.4853338e+01   6.0900000e+02   9.9553300e-01   6.3072122e-01
   2.5000000e+00   4.0000000e+01   5.0000000e+01   2.3255995e+01   5.2500000e+02   9.9615482e-01   4.1252078e-01
   2.5000000e+00   4.0000000e+01   5.5000000e+01   2.4988797e+01   7.1100000e+02   9.9496529e-01   7.3662487e-01
   2.5000000e+00   4.5000000e+01   2.5000000e+01   2.5496319e+01   8.5600000e+02   9.9643585e-01   5.8164069e-01
   2.5000000e+00   4.5000000e+01   3.5000000e+01   2.4190921e+01   7.7000000e+02   9.9730752e-01   4.8320435e-01
   2.5000000e+00   4.5000000e+01   4.0000000e+01   2.2894895e+01   5.1700000e+02   9.9494396e-01   1.9231723e-01
   2.5000000e+00   5.0000000e+01   3.0000000e+01   2.4694509e+01   2.0500000e+02   9.8868500e-01   2.5380715e-01
   2.5000000e+00   5.0000000e+01   3.5000000e+01   2.4193038e+01   8.5900000e+02   9.9674675e-01   4.0082196e-01
   2.5000000e+00   5.0000000e+01   4.0000000e+01   2.3538075e+01   2.7400000e+02   9.9617208e-01   4.2403508e-01
   2.5000000e+00   5.0000000e+01   4.5000000e+01   2.1087412e+01   8.2500000e+02   9.9771528e-01   2.9345284e-01
   2.5000000e+00   5.5000000e+01   2.0000000e+01   2.3918702e+01   4.2400000e+02   9.9391365e-01   2.8059031e-01
   2.5000000e+00   5.5000000e+01   3.5000000e+01   2.2967802e+01   5.8800000e+02   9.9485334e-01   2.6135077e-01
   2.5000000e+00   5.5000000e+01   4.0000000e+01   2.4583902e+01   6.2600000e+02   9.9478789e-01   4.7659140e-01
   2.5000000e+00   6.0000000e+01   1.5000000e+01   2.5349381e+01   3.8700000e+02   9.8173652e-01   3.4708641e-01
   2.5000000e+00   6.0000000e+01   2.0000000e+01   2.2684088e+01   6.6000000e+01   9.8545607e-01   3.4188234e-01
   2.5000000e+00   6.0000000e+01   2.5000000e+01   2.5676924e+01   6.7700000e+02   9.8100571e-01   3.8678265e-01
   2.5000000e+00   6.0000000e+01   3.0000000e+01   2.5484287e+01   4.0000000e+00   9.6164160e-01   4.1733355e-01
   2.5000000e+00   6.0000000e+01   3.5000000e+01   2.2558291e+01   2.0700000e+02   9.8972367e-01   2.3824049e-01
   2.5000000e+00   6.5000000e+01   2.5000000e+01   2.3962136e+01   5.6200000e+02   9.6879838e-01   3.9245155e-01
   2.5000000e+00   6.5000000e+01   3.0000000e+01   2.2315488e+01   8.9100000e+02   9.6802741e-01   5.9673190e-01
   2.5000000e+00   7.0000000e+01   1.5000000e+01   2.4557929e+01   4.8800000e+02   9.7812411e-01   3.3163104e-01
   2.5000000e+00   7.0000000e+01   2.0000000e+01   2.4429996e+01   5.2300000e+02   9.6242147e-01   4.4878849e-01
   2.5000000e+00   7.5000000e+01   5.0000000e+00   2.3095415e+01   4.8500000e+02   9.7037495e-01   4.5460590e-01
   2.5000000e+00   7.5000000e+01   2.0000000e+01   2.2547099e+01   6.2000000e+02   9.7410034e-01   5.0501611e-01
   2.5000000e+00   8.0000000e+01   5.0000000e+00   2.5363009e+01   3.6500000e+02   9.5570443e-01   5.0868360e-01
   2.5000000e+00   8.0000000e+01   1.0000000e+01   2.5824215e+01   8.0800000e+02   9.4795143e-01   5.4631588e-01
   2.5000000e+00   8.0000000e+01   1.5000000e+01   2.4207030e+01   9.1200000e+02   9.4137056e-01   6.2960600e-01
   2.5000000e+00   8.5000000e+01   5.0000000e+00   2.4309153e+01   5.5400000e+02   9.0196977e-01   9.1614557e-01
   2.5000000e+00   8.5000000e+01   1.0000000e+01   2.1148824e+01   6.9100000e+02   9.6660343e-01   7.5329813e-01
   2.5000000e+00   9.0000000e+01   5.0000000e+00   2.2491096e+01   7.4900000e+02   9.6595136e-01   5.8218041e-01
   3.0000000e+00   1.0000000e+01   8.5000000e+01   2.4623006e+01   4.4000000e+02   8.8861175e-01   2.4033322e+00
   3.0000000e+00   1.5000000e+01   7.5000000e+01   2.5779250e+01   2.3200000e+02   9.2823547e-01   2.2675359e+00
   3.0000000e+00   2.0000000e+01   7.0000000e+01   2.5939270e+01   8.1800000e+02   9.2562911e-01   2.2302697e+00
   3.0000000e+00   2.5000000e+01   4.5000000e+01   2.5909005e+01   3.2500000e+02   9.4048306e-01   2.0090847e+00
   3.0000000e+00   3.0000000e+01   6.5000000e+01   2.4592445e+01   9.2200000e+02   9.6794050e-01   1.4965865e+00
   3.0000000e+00   4.0000000e+01   4.0000000e+01   2.5445218e+01   9.9500000e+02   9.9402143e-01   1.0347681e+00
   3.0000000e+00   5.0000000e+01   4.5000000e+01   2.5200512e+01   2.3200000e+02   9.9723702e-01   8.8298246e-01
   3.0000000e+00   6.0000000e+01   2.0000000e+01   2.3591971e+01   2.4200000e+02   9.9467907e-01   5.5434989e-01
   3.0000000e+00   6.5000000e+01   2.5000000e+01   2.6388471e+01   6.3500000e+02   9.9118526e-01   7.5291307e-01
   3.0000000e+00   7.0000000e+01   1.5000000e+01   2.6317845e+01   4.0100000e+02   9.8514373e-01   6.0983845e-01
   3.0000000e+00   7.0000000e+01   2.5000000e+01   2.5370664e+01   2.9100000e+02   9.8938791e-01   5.1664558e-01
   3.0000000e+00   7.5000000e+01   1.0000000e+01   2.5274932e+01   1.6000000e+01   9.8258751e-01   4.4716973e-01
   3.5000000e+00   8.5000000e+01   5.0000000e+00   2.6144119e+01   8.8500000e+02   9.7830881e-01   6.2675900e-01
