   1.5000000e+00   1.0000000e+01   1.0000000e+01   3.9173764e+01   8.8600000e+02   8.7173496e-01   1.7400012e+00
   1.5000000e+00   1.0000000e+01   1.5000000e+01   3.4894244e+01   5.7600000e+02   8.5021264e-01   2.3285765e+00
   1.5000000e+00   1.0000000e+01   2.0000000e+01   3.6366136e+01   1.7000000e+02   8.2698032e-01   2.2597053e+00
   1.5000000e+00   1.5000000e+01   5.0000000e+00   3.4004394e+01   9.2900000e+02   8.4759263e-01   2.5568766e+00
   1.5000000e+00   1.5000000e+01   1.0000000e+01   3.6498024e+01   5.5100000e+02   7.7493644e-01   2.7855559e+00
   1.5000000e+00   1.5000000e+01   1.5000000e+01   3.3433563e+01   4.5100000e+02   8.1217950e-01   2.7951302e+00
   1.5000000e+00   2.0000000e+01   5.0000000e+00   3.7100817e+01   8.4000000e+01   7.2910719e-01   3.1871056e+00
   1.5000000e+00   2.5000000e+01   5.0000000e+00   3.5562291e+01   8.8000000e+01   6.7206399e-01   3.6262594e+00
   2.0000000e+00   1.0000000e+01   1.5000000e+01   3.6237288e+01   8.7900000e+02   8.3023539e-01   2.0073015e+00
   2.0000000e+00   1.0000000e+01   2.0000000e+01   3.6247455e+01   8.9400000e+02   8.9121185e-01   1.4653675e+00
   2.0000000e+00   1.0000000e+01   3.0000000e+01   3.3051407e+01   2.8400000e+02   9.0249004e-01   1.7855319e+00
   2.0000000e+00   1.0000000e+01   3.5000000e+01   3.4042822e+01   9.6100000e+02   9.2507452e-01   1.4789133e+00
   2.0000000e+00   1.5000000e+01   1.5000000e+01   3.4718509e+01   3.8700000e+02   8.4372127e-01   2.2252939e+00
   2.0000000e+00   1.5000000e+01   2.0000000e+01   3.9732608e+01   3.1400000e+02   8.4405594e-01   1.9691582e+00
   2.0000000e+00   1.5000000e+01   2.5000000e+01   3.6603526e+01   5.8700000e+02   8.6098356e-01   2.0047632e+00
   2.0000000e+00   2.0000000e+01   1.5000000e+01   3.4150432e+01   7.9900000e+02   8.5013987e-01   2.3918177e+00
   2.0000000e+00   2.5000000e+01   1.5000000e+01   3.8770494e+01   7.3600000e+02   7.6840460e-01   2.7871280e+00
   2.0000000e+00   3.0000000e+01   1.0000000e+01   3.6234195e+01   3.6600000e+02   7.2737514e-01   3.1958386e+00
   2.0000000e+00   3.0000000e+01   1.5000000e+01   3.5347803e+01   5.2200000e+02   7.0025141e-01   3.3930648e+00
   2.0000000e+00   3.0000000e+01   2.5000000e+01   3.4326875e+01   4.3000000e+02   7.5534113e-01   3.1767970e+00
   2.0000000e+00   3.5000000e+01   5.0000000e+00   3.4670887e+01   5.0300000e+02   6.6895462e-01   3.5448287e+00
   2.0000000e+00   3.5000000e+01   1.0000000e+01   3.5398609e+01   7.6100000e+02   6.9501951e-01   3.4690804e+00
   2.5000000e+00   1.0000000e+01   3.5000000e+01   3.8518625e+01   8.8900000e+02   9.5191267e-01   8.3649089e-01
   2.5000000e+00   1.0000000e+01   4.0000000e+01   3.9240952e+01   5.3300000e+02   9.4331852e-01   8.7638439e-01
   2.5000000e+00   1.0000000e+01   4.5000000e+01   3.4130112e+01   5.8500000e+02   9.4978786e-01   9.8820565e-01
   2.5000000e+00   1.5000000e+01   3.0000000e+01   3.5101897e+01   1.0200000e+02   9.2484929e-01   1.3175224e+00
   2.5000000e+00   1.5000000e+01   3.5000000e+01   3.6543929e+01   9.2000000e+02   8.5487689e-01   1.8675467e+00
   2.5000000e+00   1.5000000e+01   4.0000000e+01   3.5391602e+01   9.8500000e+02   8.9539373e-01   1.6564579e+00
   2.5000000e+00   1.5000000e+01   4.5000000e+01   3.6184573e+01   7.0500000e+02   9.1366615e-01   1.3579666e+00
   2.5000000e+00   1.5000000e+01   5.0000000e+01   3.4542454e+01   7.0500000e+02   9.1769877e-01   1.4593345e+00
   2.5000000e+00   2.0000000e+01   3.5000000e+01   3.7245843e+01   1.2800000e+02   8.5537145e-01   1.9445622e+00
   2.5000000e+00   2.5000000e+01   1.0000000e+01   3.8746643e+01   1.5800000e+02   8.2750024e-01   2.1587361e+00
   2.5000000e+00   2.5000000e+01   1.5000000e+01   3.8017107e+01   6.5100000e+02   8.2361341e-01   2.2060241e+00
   2.5000000e+00   2.5000000e+01   2.5000000e+01   3.9379870e+01   8.9900000e+02   8.0900233e-01   2.2794615e+00
   2.5000000e+00   2.5000000e+01   3.0000000e+01   3.4745850e+01   2.1200000e+02   8.1828848e-01   2.4306208e+00
   2.5000000e+00   2.5000000e+01   3.5000000e+01   3.6630662e+01   2.8800000e+02   8.6049089e-01   2.0434295e+00
   2.5000000e+00   3.0000000e+01   1.0000000e+01   3.6925961e+01   2.9700000e+02   7.2756140e-01   2.9279611e+00
   2.5000000e+00   3.0000000e+01   2.0000000e+01   3.3290108e+01   2.5400000e+02   8.1726668e-01   2.6828212e+00
   2.5000000e+00   3.0000000e+01   3.5000000e+01   3.3536209e+01   8.4400000e+02   8.0653101e-01   2.7403907e+00
   2.5000000e+00   3.5000000e+01   1.5000000e+01   3.4540000e+01   8.6200000e+02   7.6679739e-01   2.9455937e+00
   2.5000000e+00   3.5000000e+01   2.5000000e+01   3.5713434e+01   7.8800000e+02   7.2494727e-01   3.1257823e+00
   2.5000000e+00   4.0000000e+01   5.0000000e+00   3.4119656e+01   9.9500000e+02   7.0055273e-01   3.3509493e+00
   2.5000000e+00   4.0000000e+01   1.0000000e+01   3.4990415e+01   9.5800000e+02   7.1146748e-01   3.2517961e+00
   2.5000000e+00   4.0000000e+01   1.5000000e+01   3.3904987e+01   4.7000000e+02   7.2951645e-01   3.2647145e+00
   2.5000000e+00   4.5000000e+01   5.0000000e+00   3.8667348e+01   8.0400000e+02   6.8740960e-01   3.2136109e+00
   2.5000000e+00   4.5000000e+01   2.0000000e+01   3.4121794e+01   3.3500000e+02   7.2378677e-01   3.2551300e+00
   2.5000000e+00   5.0000000e+01   5.0000000e+00   3.6748936e+01   2.7700000e+02   7.0026462e-01   3.3166300e+00
   2.5000000e+00   5.0000000e+01   1.0000000e+01   3.7321449e+01   8.0000000e+02   6.8602286e-01   3.3467076e+00
   3.0000000e+00   1.0000000e+01   3.0000000e+01   3.8793453e+01   1.7600000e+02   9.6021334e-01   9.9745411e-01
   3.0000000e+00   1.0000000e+01   4.0000000e+01   3.9015537e+01   7.3000000e+02   9.1759688e-01   1.0461938e+00
   3.0000000e+00   1.0000000e+01   5.5000000e+01   3.7480659e+01   1.1100000e+02   9.5622042e-01   8.2320389e-01
   3.0000000e+00   1.0000000e+01   6.0000000e+01   3.3978424e+01   4.0700000e+02   9.5995986e-01   9.6334885e-01
   3.0000000e+00   1.5000000e+01   3.5000000e+01   3.2819246e+01   6.7500000e+02   9.4166950e-01   1.3163708e+00
   3.0000000e+00   1.5000000e+01   4.0000000e+01   3.5459361e+01   3.5900000e+02   9.3901729e-01   1.0695905e+00
   3.0000000e+00   1.5000000e+01   4.5000000e+01   3.7305627e+01   7.2600000e+02   9.3481515e-01   9.5220458e-01
   3.0000000e+00   1.5000000e+01   5.0000000e+01   3.6507047e+01   9.6600000e+02   9.3546955e-01   1.0068063e+00
   3.0000000e+00   1.5000000e+01   5.5000000e+01   3.6855529e+01   4.0400000e+02   9.3464087e-01   1.0039835e+00
   3.0000000e+00   1.5000000e+01   6.0000000e+01   3.6603209e+01   3.0400000e+02   9.1932965e-01   1.1278761e+00
   3.0000000e+00   2.0000000e+01   3.0000000e+01   3.9012800e+01   1.1000000e+02   9.1466300e-01   1.1997429e+00
   3.0000000e+00   2.0000000e+01   3.5000000e+01   3.9277059e+01   3.9600000e+02   8.9972692e-01   1.2771931e+00
   3.0000000e+00   2.0000000e+01   4.5000000e+01   3.4778407e+01   8.1900000e+02   8.9543348e-01   1.6567320e+00
   3.0000000e+00   2.0000000e+01   5.0000000e+01   3.2994949e+01   4.5900000e+02   9.1351343e-01   1.7119054e+00
   3.0000000e+00   2.0000000e+01   6.0000000e+01   3.3044912e+01   6.5400000e+02   9.2097682e-01   1.5794161e+00
   3.0000000e+00   2.5000000e+01   2.0000000e+01   3.9154791e+01   3.6000000e+02   8.7466942e-01   1.6738817e+00
   3.0000000e+00   2.5000000e+01   3.5000000e+01   3.8870770e+01   9.0100000e+02   8.5269245e-01   1.8169853e+00
   3.0000000e+00   2.5000000e+01   4.0000000e+01   3.3214034e+01   2.2400000e+02   8.6397843e-01   2.2108175e+00
   3.0000000e+00   2.5000000e+01   5.5000000e+01   3.4670858e+01   1.2500000e+02   8.3795829e-01   2.2528551e+00
   3.0000000e+00   3.0000000e+01   1.5000000e+01   3.9101218e+01   8.2800000e+02   8.5247910e-01   1.8955429e+00
   3.0000000e+00   3.0000000e+01   2.0000000e+01   3.9785126e+01   6.5500000e+02   7.6585325e-01   2.4428122e+00
   3.0000000e+00   3.0000000e+01   2.5000000e+01   3.5594779e+01   5.8400000e+02   8.6974896e-01   1.9635156e+00
   3.0000000e+00   3.0000000e+01   3.0000000e+01   3.7826602e+01   4.5100000e+02   8.3430720e-01   2.1210402e+00
   3.0000000e+00   3.0000000e+01   3.5000000e+01   3.3581103e+01   1.0400000e+02   8.4322537e-01   2.3660254e+00
   3.0000000e+00   3.0000000e+01   4.0000000e+01   3.2942690e+01   4.9400000e+02   8.3986158e-01   2.3925051e+00
   3.0000000e+00   3.5000000e+01   5.0000000e+00   3.8696773e+01   9.9500000e+02   7.6916500e-01   2.5632458e+00
   3.0000000e+00   3.5000000e+01   1.0000000e+01   3.3995957e+01   6.4000000e+01   8.4350194e-01   2.3844450e+00
   3.0000000e+00   3.5000000e+01   1.5000000e+01   3.6010932e+01   3.3900000e+02   7.6852940e-01   2.6489289e+00
   3.0000000e+00   3.5000000e+01   2.0000000e+01   3.3937652e+01   7.8300000e+02   7.9856140e-01   2.7481984e+00
   3.0000000e+00   3.5000000e+01   2.5000000e+01   3.8372187e+01   1.0500000e+02   7.7169805e-01   2.6172884e+00
   3.0000000e+00   3.5000000e+01   3.0000000e+01   3.9431127e+01   4.5800000e+02   8.0145547e-01   2.3227392e+00
   3.0000000e+00   3.5000000e+01   3.5000000e+01   3.5515823e+01   9.2900000e+02   8.2588299e-01   2.3583079e+00
   3.0000000e+00   3.5000000e+01   4.0000000e+01   3.5762808e+01   1.4300000e+02   8.0445390e-01   2.4860334e+00
   3.0000000e+00   4.0000000e+01   1.5000000e+01   3.8208759e+01   8.4000000e+02   7.1775394e-01   2.9850542e+00
   3.0000000e+00   4.0000000e+01   2.0000000e+01   3.8935598e+01   6.9300000e+02   7.1925361e-01   2.8898512e+00
   3.0000000e+00   4.5000000e+01   5.0000000e+00   3.6152265e+01   6.3700000e+02   7.9735037e-01   2.5692784e+00
   3.0000000e+00   4.5000000e+01   1.0000000e+01   3.9804950e+01   5.6600000e+02   7.2205499e-01   2.8484427e+00
   3.0000000e+00   4.5000000e+01   1.5000000e+01   3.7267292e+01   9.1200000e+02   7.4747372e-01   2.8391556e+00
   3.0000000e+00   4.5000000e+01   2.0000000e+01   3.8408220e+01   2.1200000e+02   7.4180332e-01   2.7668450e+00
   3.0000000e+00   4.5000000e+01   2.5000000e+01   3.6687109e+01   4.4000000e+01   7.5065639e-01   2.8280780e+00
   3.0000000e+00   5.0000000e+01   5.0000000e+00   3.9213281e+01   3.6500000e+02   7.3716677e-01   2.9060879e+00
   3.0000000e+00   5.0000000e+01   1.0000000e+01   3.5630759e+01   6.9500000e+02   7.4099268e-01   3.0266119e+00
   3.0000000e+00   5.0000000e+01   3.0000000e+01   3.2823800e+01   3.2400000e+02   7.5280976e-01   3.0825749e+00
   3.0000000e+00   5.5000000e+01   5.0000000e+00   3.8697115e+01   1.2300000e+02   7.3934080e-01   2.8977833e+00
   3.0000000e+00   5.5000000e+01   1.0000000e+01   3.5368609e+01   5.0000000e+02   6.9298168e-01   3.2965846e+00
   3.0000000e+00   5.5000000e+01   1.5000000e+01   3.3645645e+01   9.5700000e+02   7.2651786e-01   3.2034198e+00
   3.0000000e+00   6.0000000e+01   5.0000000e+00   3.8311656e+01   7.3900000e+02   6.8226902e-01   3.2771567e+00
   3.0000000e+00   6.0000000e+01   1.5000000e+01   3.3565557e+01   1.4900000e+02   7.0320543e-01   3.3648827e+00
   3.0000000e+00   6.0000000e+01   2.5000000e+01   3.4140863e+01   3.7000000e+01   7.2571902e-01   3.1875916e+00
   3.0000000e+00   6.5000000e+01   5.0000000e+00   3.5079081e+01   5.7500000e+02   6.7553985e-01   3.4118101e+00
   3.0000000e+00   6.5000000e+01   1.5000000e+01   3.3900633e+01   2.7300000e+02   7.0346132e-01   3.3340365e+00
   3.0000000e+00   8.0000000e+01   1.0000000e+01   3.3537156e+01   3.7000000e+01   6.7573254e-01   3.5339445e+00
   3.5000000e+00   1.0000000e+01   4.0000000e+01   3.8541249e+01   4.5000000e+01   9.6196957e-01   1.7466248e+00
   3.5000000e+00   1.0000000e+01   6.0000000e+01   3.7429397e+01   3.2400000e+02   9.6249832e-01   1.1933028e+00
   3.5000000e+00   1.0000000e+01   6.5000000e+01   3.7064328e+01   3.4600000e+02   9.5955281e-01   9.9121436e-01
   3.5000000e+00   1.0000000e+01   7.0000000e+01   3.7254043e+01   1.4800000e+02   9.6454687e-01   1.3108881e+00
   3.5000000e+00   1.0000000e+01   7.5000000e+01   3.4885154e+01   1.2000000e+02   9.6454687e-01   1.3031237e+00
   3.5000000e+00   1.0000000e+01   8.0000000e+01   3.3041623e+01   4.0500000e+02   9.6430728e-01   1.1664373e+00
   3.5000000e+00   1.0000000e+01   8.5000000e+01   3.2966635e+01   7.8800000e+02   9.6339461e-01   1.1775589e+00
   3.5000000e+00   1.5000000e+01   5.0000000e+01   3.5419983e+01   9.2200000e+02   9.5155663e-01   1.0237970e+00
   3.5000000e+00   1.5000000e+01   5.5000000e+01   3.6433284e+01   6.3300000e+02   9.5310859e-01   8.3507855e-01
   3.5000000e+00   1.5000000e+01   6.0000000e+01   3.6800877e+01   8.7700000e+02   9.5541235e-01   8.6223311e-01
   3.5000000e+00   1.5000000e+01   6.5000000e+01   3.4967579e+01   1.4700000e+02   9.4390478e-01   1.0218829e+00
   3.5000000e+00   1.5000000e+01   8.0000000e+01   3.3629979e+01   3.8800000e+02   9.4237329e-01   1.1295728e+00
   3.5000000e+00   2.0000000e+01   4.5000000e+01   3.7143038e+01   2.7400000e+02   9.3310977e-01   9.9615910e-01
   3.5000000e+00   2.0000000e+01   5.0000000e+01   3.5998850e+01   8.0300000e+02   9.2966822e-01   1.1409235e+00
   3.5000000e+00   2.0000000e+01   6.0000000e+01   3.5756028e+01   6.3900000e+02   9.2626320e-01   1.2085492e+00
   3.5000000e+00   2.0000000e+01   7.0000000e+01   3.2990167e+01   7.0400000e+02   9.0859680e-01   1.6499577e+00
   3.5000000e+00   2.5000000e+01   4.0000000e+01   3.8875135e+01   2.7700000e+02   9.1116446e-01   1.2104065e+00
   3.5000000e+00   2.5000000e+01   4.5000000e+01   3.8437509e+01   5.7500000e+02   8.9131131e-01   1.3954348e+00
   3.5000000e+00   2.5000000e+01   5.0000000e+01   3.7575316e+01   3.9800000e+02   8.8223009e-01   1.5732600e+00
   3.5000000e+00   2.5000000e+01   5.5000000e+01   3.4183370e+01   2.9000000e+02   8.7887400e-01   1.8787024e+00
   3.5000000e+00   2.5000000e+01   6.0000000e+01   3.7058847e+01   1.9500000e+02   8.9169630e-01   1.4413120e+00
   3.5000000e+00   2.5000000e+01   6.5000000e+01   3.3257164e+01   3.8100000e+02   8.9573290e-01   1.7920446e+00
   3.5000000e+00   3.0000000e+01   2.5000000e+01   3.9059529e+01   6.9100000e+02   8.5615164e-01   1.7309517e+00
   3.5000000e+00   3.0000000e+01   4.0000000e+01   3.3336516e+01   9.5600000e+02   9.0370016e-01   1.7614411e+00
   3.5000000e+00   3.0000000e+01   5.0000000e+01   3.7125470e+01   8.1500000e+02   8.6482925e-01   1.7639916e+00
   3.5000000e+00   3.0000000e+01   6.0000000e+01   3.7272272e+01   4.8100000e+02   8.5523394e-01   1.8204845e+00
   3.5000000e+00   3.5000000e+01   2.5000000e+01   3.9640559e+01   9.1200000e+02   8.0836190e-01   2.1265589e+00
   3.5000000e+00   3.5000000e+01   3.0000000e+01   3.6577312e+01   4.4400000e+02   8.6762046e-01   1.8638173e+00
   3.5000000e+00   3.5000000e+01   3.5000000e+01   3.4694222e+01   2.8500000e+02   8.6625170e-01   1.9835786e+00
   3.5000000e+00   3.5000000e+01   4.5000000e+01   3.8036109e+01   9.5300000e+02   8.3629383e-01   2.0490012e+00
   3.5000000e+00   4.0000000e+01   3.0000000e+01   3.5592190e+01   8.5200000e+02   8.1406849e-01   2.3392109e+00
   3.5000000e+00   4.0000000e+01   3.5000000e+01   3.4327057e+01   2.6800000e+02   7.9984134e-01   2.5253133e+00
   3.5000000e+00   4.0000000e+01   4.0000000e+01   3.4530505e+01   3.4000000e+01   8.3018330e-01   2.3008076e+00
   3.5000000e+00   4.0000000e+01   4.5000000e+01   3.7076242e+01   5.5600000e+02   8.0480323e-01   2.3507537e+00
   3.5000000e+00   4.0000000e+01   5.0000000e+01   3.4062169e+01   8.9100000e+02   8.1925542e-01   2.4386941e+00
   3.5000000e+00   4.0000000e+01   5.5000000e+01   3.4584969e+01   9.0900000e+02   8.3350647e-01   2.2468356e+00
   3.5000000e+00   4.5000000e+01   5.0000000e+00   3.9117637e+01   8.5000000e+02   8.2868488e-01   2.1303989e+00
   3.5000000e+00   4.5000000e+01   1.5000000e+01   3.9012363e+01   9.6800000e+02   7.6874605e-01   2.5429348e+00
   3.5000000e+00   4.5000000e+01   2.0000000e+01   3.5264026e+01   9.6300000e+02   7.7748429e-01   2.6270301e+00
   3.5000000e+00   4.5000000e+01   2.5000000e+01   3.7105621e+01   2.2700000e+02   8.0002174e-01   2.4653849e+00
   3.5000000e+00   4.5000000e+01   3.5000000e+01   3.8454858e+01   9.3600000e+02   7.8416332e-01   2.4100694e+00
   3.5000000e+00   4.5000000e+01   4.0000000e+01   3.5311241e+01   7.7600000e+02   8.4041362e-01   2.2448005e+00
   3.5000000e+00   5.0000000e+01   1.0000000e+01   3.6987654e+01   3.6000000e+02   8.0708608e-01   2.4639313e+00
   3.5000000e+00   5.0000000e+01   1.5000000e+01   3.9305865e+01   8.9800000e+02   7.4609641e-01   2.6681605e+00
   3.5000000e+00   5.0000000e+01   2.0000000e+01   3.6549398e+01   5.1800000e+02   7.8267433e-01   2.5590057e+00
   3.5000000e+00   5.0000000e+01   2.5000000e+01   3.5416097e+01   6.9000000e+01   7.9599244e-01   2.5375993e+00
   3.5000000e+00   5.0000000e+01   3.0000000e+01   3.5018366e+01   1.3200000e+02   7.6410556e-01   2.7737530e+00
   3.5000000e+00   5.0000000e+01   3.5000000e+01   3.2976812e+01   2.8000000e+02   8.1963560e-01   2.6086069e+00
   3.5000000e+00   5.5000000e+01   1.0000000e+01   3.5832753e+01   8.7300000e+02   8.0170971e-01   2.5375556e+00
   3.5000000e+00   5.5000000e+01   2.0000000e+01   3.7394844e+01   2.9800000e+02   7.3707694e-01   2.8492163e+00
   3.5000000e+00   5.5000000e+01   3.0000000e+01   3.5553577e+01   6.2300000e+02   7.8881740e-01   2.6058763e+00
   3.5000000e+00   5.5000000e+01   3.5000000e+01   3.4884832e+01   6.1500000e+02   7.8941043e-01   2.5837675e+00
   3.5000000e+00   6.0000000e+01   5.0000000e+00   3.8599014e+01   6.1400000e+02   7.2868212e-01   2.8766792e+00
   3.5000000e+00   6.0000000e+01   1.0000000e+01   3.7641327e+01   9.7000000e+02   7.3851227e-01   2.8482259e+00
   3.5000000e+00   6.0000000e+01   1.5000000e+01   3.7153105e+01   8.0400000e+02   7.1926732e-01   2.9316410e+00
   3.5000000e+00   6.0000000e+01   3.0000000e+01   3.4100068e+01   3.9800000e+02   7.2039455e-01   3.1090508e+00
   3.5000000e+00   6.5000000e+01   5.0000000e+00   3.7131418e+01   7.2700000e+02   7.4780918e-01   2.8446443e+00
   3.5000000e+00   6.5000000e+01   1.0000000e+01   3.8898220e+01   6.8000000e+01   7.0620720e-01   2.9879375e+00
   3.5000000e+00   6.5000000e+01   1.5000000e+01   3.6169744e+01   6.9700000e+02   7.6111372e-01   2.7921878e+00
   3.5000000e+00   6.5000000e+01   2.0000000e+01   3.3620547e+01   7.2300000e+02   7.3768041e-01   3.1501363e+00
   3.5000000e+00   7.0000000e+01   5.0000000e+00   3.6950367e+01   5.0300000e+02   6.8589805e-01   3.2120852e+00
   3.5000000e+00   7.0000000e+01   1.0000000e+01   3.7040743e+01   8.0000000e+00   7.2011021e-01   2.9698740e+00
   3.5000000e+00   7.0000000e+01   1.5000000e+01   3.8561023e+01   1.6200000e+02   6.8282739e-01   3.1760151e+00
   3.5000000e+00   7.0000000e+01   2.0000000e+01   3.7713383e+01   2.0400000e+02   7.0578848e-01   3.0278901e+00
   3.5000000e+00   7.0000000e+01   2.5000000e+01   3.5445962e+01   9.3600000e+02   7.1069759e-01   3.0989348e+00
   3.5000000e+00   7.5000000e+01   1.0000000e+01   3.5745880e+01   8.2700000e+02   7.1922922e-01   3.0686268e+00
   3.5000000e+00   7.5000000e+01   1.5000000e+01   3.5085747e+01   1.7500000e+02   7.0948314e-01   3.1605362e+00
   3.5000000e+00   7.5000000e+01   2.0000000e+01   3.4337024e+01   7.4600000e+02   7.1386331e-01   3.1555732e+00
   3.5000000e+00   8.0000000e+01   1.0000000e+01   3.3235132e+01   3.9500000e+02   7.1951582e-01   3.2749249e+00
   3.5000000e+00   8.5000000e+01   1.0000000e+01   3.4519214e+01   6.3000000e+02   7.0593609e-01   3.2225902e+00
   3.5000000e+00   9.0000000e+01   5.0000000e+00   3.4000902e+01   9.4000000e+02   6.8296594e-01   3.3701799e+00
   4.0000000e+00   1.0000000e+01   5.5000000e+01   3.8882007e+01   8.7800000e+02   9.6313675e-01   1.8370391e+00
   4.0000000e+00   1.0000000e+01   6.5000000e+01   3.9186424e+01   4.2100000e+02   9.6317423e-01   1.9414419e+00
   4.0000000e+00   1.0000000e+01   7.0000000e+01   3.9565771e+01   1.3800000e+02   9.6303268e-01   1.7965730e+00
   4.0000000e+00   1.0000000e+01   7.5000000e+01   3.7704924e+01   3.2600000e+02   9.6311931e-01   1.6937155e+00
   4.0000000e+00   1.0000000e+01   8.5000000e+01   3.3251915e+01   3.9000000e+02   9.6519677e-01   1.3941855e+00
   4.0000000e+00   1.5000000e+01   5.5000000e+01   3.8944372e+01   2.9300000e+02   9.5672058e-01   1.0862795e+00
   4.0000000e+00   1.5000000e+01   7.0000000e+01   3.8129944e+01   7.5500000e+02   9.6044135e-01   1.1457278e+00
   4.0000000e+00   1.5000000e+01   7.5000000e+01   3.6314681e+01   2.8700000e+02   9.5747766e-01   9.0691898e-01
   4.0000000e+00   1.5000000e+01   8.0000000e+01   3.4691343e+01   9.1200000e+02   9.5264834e-01   9.9773263e-01
   4.0000000e+00   2.0000000e+01   4.5000000e+01   3.8107884e+01   7.3300000e+02   9.4598339e-01   8.7620442e-01
   4.0000000e+00   2.0000000e+01   5.0000000e+01   3.9024594e+01   4.0100000e+02   9.4796975e-01   8.4888172e-01
   4.0000000e+00   2.0000000e+01   5.5000000e+01   3.9274298e+01   6.5400000e+02   9.4882578e-01   9.4345631e-01
   4.0000000e+00   2.0000000e+01   6.5000000e+01   3.6689140e+01   3.2400000e+02   9.5321536e-01   8.2677568e-01
   4.0000000e+00   2.0000000e+01   7.0000000e+01   3.6801257e+01   5.3400000e+02   9.4996329e-01   8.4681684e-01
   4.0000000e+00   2.0000000e+01   7.5000000e+01   3.3929956e+01   4.0300000e+02   9.4908754e-01   1.0447916e+00
   4.0000000e+00   2.5000000e+01   4.5000000e+01   3.9000182e+01   4.0900000e+02   9.3144098e-01   9.3625984e-01
   4.0000000e+00   2.5000000e+01   6.0000000e+01   3.5629793e+01   1.5500000e+02   9.2708854e-01   1.1996054e+00
   4.0000000e+00   2.5000000e+01   7.0000000e+01   3.4128191e+01   8.7900000e+02   9.1581486e-01   1.3899806e+00
   4.0000000e+00   3.0000000e+01   4.5000000e+01   3.9443865e+01   9.4700000e+02   8.9504861e-01   1.2792303e+00
   4.0000000e+00   3.0000000e+01   6.0000000e+01   3.6322316e+01   6.1000000e+02   8.9803650e-01   1.4637376e+00
   4.0000000e+00   3.5000000e+01   3.0000000e+01   3.9568655e+01   7.3500000e+02   9.0289253e-01   1.2742269e+00
   4.0000000e+00   3.5000000e+01   4.0000000e+01   3.9475800e+01   5.0000000e+02   8.7218738e-01   1.5230116e+00
   4.0000000e+00   3.5000000e+01   4.5000000e+01   3.6742321e+01   2.7000000e+02   8.4480694e-01   1.9470623e+00
   4.0000000e+00   3.5000000e+01   5.0000000e+01   3.7398613e+01   8.6000000e+02   8.8160397e-01   1.5503365e+00
   4.0000000e+00   3.5000000e+01   5.5000000e+01   3.3277459e+01   3.0000000e+00   9.1170055e-01   1.6200314e+00
   4.0000000e+00   3.5000000e+01   6.0000000e+01   3.6347356e+01   5.8300000e+02   8.4823089e-01   1.9216857e+00
   4.0000000e+00   4.0000000e+01   3.0000000e+01   3.9703215e+01   1.1900000e+02   8.2096213e-01   1.9886018e+00
   4.0000000e+00   4.0000000e+01   4.0000000e+01   3.9512653e+01   3.0200000e+02   8.5234740e-01   1.7376147e+00
   4.0000000e+00   4.0000000e+01   4.5000000e+01   3.8807157e+01   7.7900000e+02   8.5186991e-01   1.7453168e+00
   4.0000000e+00   4.0000000e+01   5.0000000e+01   3.8998594e+01   5.1600000e+02   8.4986101e-01   1.7930035e+00
   4.0000000e+00   4.0000000e+01   5.5000000e+01   3.3124318e+01   2.0100000e+02   8.7140753e-01   2.0194787e+00
   4.0000000e+00   4.5000000e+01   2.0000000e+01   3.8964359e+01   5.2500000e+02   8.5739270e-01   1.8080473e+00
   4.0000000e+00   4.5000000e+01   2.5000000e+01   3.8881875e+01   1.2900000e+02   8.6047447e-01   1.7622897e+00
   4.0000000e+00   4.5000000e+01   3.0000000e+01   3.3669191e+01   3.3300000e+02   8.2322976e-01   2.4118813e+00
   4.0000000e+00   4.5000000e+01   4.0000000e+01   3.5826794e+01   2.4100000e+02   8.4346106e-01   2.1210012e+00
   4.0000000e+00   4.5000000e+01   4.5000000e+01   3.7074296e+01   7.9300000e+02   8.0970836e-01   2.1776685e+00
   4.0000000e+00   4.5000000e+01   5.0000000e+01   3.8445776e+01   6.8700000e+02   8.3931279e-01   1.8937526e+00
   4.0000000e+00   5.0000000e+01   1.0000000e+01   3.9753442e+01   2.3800000e+02   8.0643719e-01   2.1387136e+00
   4.0000000e+00   5.0000000e+01   2.5000000e+01   3.8456093e+01   3.0800000e+02   8.2263756e-01   2.0759996e+00
   4.0000000e+00   5.0000000e+01   3.0000000e+01   3.8656400e+01   8.1300000e+02   7.8843233e-01   2.2845468e+00
   4.0000000e+00   5.0000000e+01   3.5000000e+01   3.5843827e+01   4.8200000e+02   8.0361160e-01   2.3615583e+00
   4.0000000e+00   5.0000000e+01   4.0000000e+01   3.6669995e+01   5.2900000e+02   8.1677314e-01   2.2346516e+00
   4.0000000e+00   5.0000000e+01   4.5000000e+01   3.3888156e+01   5.2500000e+02   8.6655067e-01   2.1054650e+00
   4.0000000e+00   5.5000000e+01   1.5000000e+01   3.8095667e+01   3.0700000e+02   7.9844305e-01   2.3391789e+00
   4.0000000e+00   5.5000000e+01   2.5000000e+01   3.7197866e+01   3.1800000e+02   7.4403985e-01   2.6813976e+00
   4.0000000e+00   5.5000000e+01   4.0000000e+01   3.7227235e+01   9.9900000e+02   8.1536648e-01   2.1949860e+00
   4.0000000e+00   6.0000000e+01   1.0000000e+01   3.7492533e+01   6.7200000e+02   7.7162745e-01   2.5584363e+00
   4.0000000e+00   6.0000000e+01   1.5000000e+01   3.8137538e+01   3.7800000e+02   7.4069830e-01   2.6913042e+00
   4.0000000e+00   6.0000000e+01   3.0000000e+01   3.5851240e+01   9.4700000e+02   8.1719685e-01   2.3104124e+00
   4.0000000e+00   6.0000000e+01   3.5000000e+01   3.7145659e+01   3.6900000e+02   7.8454025e-01   2.4662002e+00
   4.0000000e+00   6.5000000e+01   2.5000000e+01   3.4325956e+01   2.2700000e+02   7.8223940e-01   2.7426422e+00
   4.0000000e+00   6.5000000e+01   3.0000000e+01   3.6697094e+01   2.7600000e+02   7.8212653e-01   2.5138948e+00
   4.0000000e+00   7.0000000e+01   1.0000000e+01   3.9655722e+01   1.8000000e+02   7.6668288e-01   2.5484121e+00
   4.0000000e+00   7.0000000e+01   1.5000000e+01   3.8618681e+01   5.4400000e+02   7.4409248e-01   2.6887847e+00
   4.0000000e+00   7.0000000e+01   2.0000000e+01   3.4582151e+01   5.7800000e+02   7.5044348e-01   2.8300557e+00
   4.0000000e+00   7.0000000e+01   2.5000000e+01   3.5659296e+01   1.1100000e+02   7.5420209e-01   2.7355908e+00
   4.0000000e+00   7.5000000e+01   1.0000000e+01   3.7590964e+01   5.9400000e+02   7.3515971e-01   2.7947950e+00
   4.0000000e+00   7.5000000e+01   1.5000000e+01   3.5319330e+01   3.0500000e+02   7.7043059e-01   2.6916935e+00
   4.0000000e+00   7.5000000e+01   2.0000000e+01   3.3166349e+01   4.9600000e+02   7.6981222e-01   2.9269254e+00
   4.0000000e+00   8.0000000e+01   5.0000000e+00   3.6128190e+01   3.5200000e+02   7.3682191e-01   2.8365293e+00
   4.0000000e+00   8.0000000e+01   1.0000000e+01   3.9159575e+01   8.0200000e+02   7.3187195e-01   2.7633264e+00
   4.0000000e+00   8.0000000e+01   1.5000000e+01   3.4252463e+01   9.8700000e+02   7.4370612e-01   2.9650256e+00
   4.0000000e+00   8.5000000e+01   5.0000000e+00   3.5595160e+01   3.5500000e+02   7.4311716e-01   2.9101000e+00
   4.0000000e+00   8.5000000e+01   1.0000000e+01   3.7204303e+01   8.0000000e+02   7.0544545e-01   3.0106459e+00
   4.0000000e+00   9.0000000e+01   5.0000000e+00   3.8963300e+01   6.2300000e+02   7.1517623e-01   2.8853146e+00
   4.5000000e+00   1.0000000e+01   7.0000000e+01   3.6761861e+01   4.9600000e+02   9.6509698e-01   1.6898559e+00
   4.5000000e+00   1.0000000e+01   7.5000000e+01   3.4985680e+01   9.9500000e+02   9.6512414e-01   1.6854176e+00
   4.5000000e+00   1.0000000e+01   8.0000000e+01   3.9695852e+01   4.0000000e+01   9.6109165e-01   2.4803603e+00
   4.5000000e+00   1.0000000e+01   8.5000000e+01   3.8799696e+01   9.4600000e+02   9.6212038e-01   2.3699746e+00
   4.5000000e+00   1.5000000e+01   5.5000000e+01   3.8584576e+01   3.7300000e+02   9.6508739e-01   1.5485623e+00
   4.5000000e+00   1.5000000e+01   6.5000000e+01   3.6842980e+01   3.7300000e+02   9.6466701e-01   1.4276908e+00
   4.5000000e+00   1.5000000e+01   7.0000000e+01   3.8934611e+01   8.6900000e+02   9.5491504e-01   1.2659144e+00
   4.5000000e+00   1.5000000e+01   7.5000000e+01   3.6729914e+01   2.0000000e+02   9.5971909e-01   1.1083947e+00
   4.5000000e+00   1.5000000e+01   8.0000000e+01   3.5032721e+01   7.8300000e+02   9.6423809e-01   1.1162009e+00
   4.5000000e+00   2.0000000e+01   7.0000000e+01   3.8896343e+01   3.8300000e+02   9.6240652e-01   1.1670445e+00
   4.5000000e+00   2.0000000e+01   7.5000000e+01   3.6675824e+01   2.4300000e+02   9.4090536e-01   9.7638422e-01
   4.5000000e+00   2.5000000e+01   5.0000000e+01   3.9747934e+01   5.7800000e+02   9.2955734e-01   9.7663427e-01
   4.5000000e+00   3.0000000e+01   5.5000000e+01   3.9726644e+01   2.7000000e+01   9.3143475e-01   9.3881225e-01
   4.5000000e+00   3.0000000e+01   6.5000000e+01   3.9015710e+01   6.1100000e+02   9.1342793e-01   1.0777854e+00
   4.5000000e+00   3.5000000e+01   4.0000000e+01   3.8264250e+01   5.3600000e+02   8.9614772e-01   1.3126439e+00
   4.5000000e+00   3.5000000e+01   6.0000000e+01   3.3810770e+01   8.3800000e+02   8.7548762e-01   1.8160531e+00
   4.5000000e+00   4.0000000e+01   4.5000000e+01   3.5079265e+01   6.5800000e+02   8.7558422e-01   1.7485839e+00
   4.5000000e+00   4.0000000e+01   5.0000000e+01   3.9523762e+01   8.6400000e+02   8.5128938e-01   1.6290317e+00
   4.5000000e+00   4.0000000e+01   5.5000000e+01   3.7597805e+01   4.1800000e+02   8.8331646e-01   1.4339978e+00
   4.5000000e+00   4.5000000e+01   3.5000000e+01   3.9620562e+01   2.9900000e+02   8.3154883e-01   1.8221705e+00
   4.5000000e+00   4.5000000e+01   4.0000000e+01   3.9206895e+01   7.6400000e+02   8.4901466e-01   1.7171507e+00
   4.5000000e+00   5.0000000e+01   4.5000000e+01   3.7610047e+01   2.9600000e+02   8.4890862e-01   1.8585633e+00
   4.5000000e+00   5.5000000e+01   2.5000000e+01   3.7430858e+01   2.7800000e+02   8.4264328e-01   1.9396260e+00
   4.5000000e+00   5.5000000e+01   4.0000000e+01   3.8493645e+01   8.7000000e+02   8.0963235e-01   2.0819405e+00
   4.5000000e+00   6.0000000e+01   2.5000000e+01   3.7939377e+01   4.5900000e+02   8.4353374e-01   1.9261041e+00
   4.5000000e+00   6.0000000e+01   3.0000000e+01   3.6299976e+01   6.0700000e+02   8.1686562e-01   2.2227369e+00
   4.5000000e+00   6.0000000e+01   3.5000000e+01   3.9678336e+01   3.4600000e+02   7.6357230e-01   2.3492484e+00
   4.5000000e+00   6.5000000e+01   2.5000000e+01   3.7263339e+01   2.0200000e+02   8.0999577e-01   2.2368893e+00
   4.5000000e+00   6.5000000e+01   3.0000000e+01   3.9562196e+01   9.6600000e+02   7.8627151e-01   2.2268073e+00
   4.5000000e+00   7.0000000e+01   2.5000000e+01   3.5488323e+01   5.0800000e+02   8.0368540e-01   2.3800115e+00
   4.5000000e+00   7.5000000e+01   1.5000000e+01   3.7918464e+01   3.9600000e+02   8.0024155e-01   2.2916553e+00
   4.5000000e+00   8.0000000e+01   5.0000000e+00   3.7571211e+01   5.2100000e+02   7.4314919e-01   2.6468232e+00
   4.5000000e+00   8.5000000e+01   1.0000000e+01   3.9602836e+01   6.9000000e+02   7.4209146e-01   2.5981747e+00
   4.5000000e+00   9.0000000e+01   5.0000000e+00   3.5427153e+01   9.8900000e+02   7.4742391e-01   2.8322650e+00
   5.0000000e+00   3.5000000e+01   5.0000000e+01   3.9747004e+01   7.6900000e+02   8.9155252e-01   1.2557827e+00
   5.0000000e+00   4.0000000e+01   5.0000000e+01   3.6807998e+01   5.6900000e+02   8.8069592e-01   1.4964395e+00
   5.0000000e+00   4.0000000e+01   5.5000000e+01   3.8368429e+01   2.5400000e+02   8.9842627e-01   1.2868047e+00
   5.0000000e+00   5.0000000e+01   4.5000000e+01   3.9499964e+01   6.5100000e+02   8.6491960e-01   1.4982116e+00
   5.0000000e+00   6.0000000e+01   3.0000000e+01   3.8219405e+01   3.0000000e+00   8.4760306e-01   1.7593723e+00
   5.0000000e+00   6.0000000e+01   3.5000000e+01   3.6171730e+01   6.8000000e+02   8.7417675e-01   1.6870470e+00
   5.0000000e+00   7.0000000e+01   2.5000000e+01   3.8595893e+01   2.4000000e+01   8.1262989e-01   2.0566938e+00
